0.002   1.026
0.003   1.391
0.004   1.726
0.005   2.024
0.006   2.280
0.007   2.496
0.008   2.674
0.009   2.819
0.010   2.936
0.011   3.030
0.012   3.107
0.013   3.174
0.014   3.235
0.015   3.296
0.016   3.360
0.017   3.432
0.018   3.516
0.019   3.614
0.020   3.729
0.021   3.862
0.022   4.016
0.023   4.191
0.024   4.388
0.025   4.607
0.026   4.847
0.027   5.109
0.028   5.391
0.029   5.694
0.030   6.014
0.031   6.352
0.032   6.706
0.033   7.074
0.034   7.455
0.035   7.847
0.036   8.248
0.037   8.658
0.038   9.073
0.039   9.494
0.040   9.917
0.041  10.342
0.042  10.767
0.043  11.191
0.044  11.612
0.045  12.029
0.046  12.441
0.047  12.847
0.048  13.246
0.049  13.636
0.050  14.017
0.051  14.388
0.052  14.748
0.053  15.096
0.054  15.433
0.055  15.756
0.056  16.067
0.057  16.364
0.058  16.647
0.059  16.916
0.060  17.171
0.061  17.412
0.062  17.638
0.063  17.850
0.064  18.047
0.065  18.229
0.066  18.398
0.067  18.552
0.068  18.691
0.069  18.817
0.070  18.929
0.071  19.028
0.072  19.113
0.073  19.185
0.074  19.244
0.075  19.290
0.076  19.324
0.077  19.346
0.078  19.357
0.079  19.356
0.080  19.344
0.081  19.321
0.082  19.287
0.083  19.244
0.084  19.191
0.085  19.128
0.086  19.056
0.087  18.976
0.088  18.887
0.089  18.790
0.090  18.685
0.091  18.573
0.092  18.454
0.093  18.328
0.094  18.196
0.095  18.058
0.096  17.914
0.097  17.764
0.098  17.610
0.099  17.450
0.100  17.286
0.101  17.118
0.102  16.946
0.103  16.770
0.104  16.591
0.105  16.409
0.106  16.224
0.107  16.036
0.108  15.846
0.109  15.654
0.110  15.459
0.111  15.264
0.112  15.066
0.113  14.868
0.114  14.668
0.115  14.468
0.116  14.267
0.117  14.066
0.118  13.864
0.119  13.662
0.120  13.460
0.121  13.259
0.122  13.058
0.123  12.857
0.124  12.656
0.125  12.457
0.126  12.258
0.127  12.060
0.128  11.863
0.129  11.666
0.130  11.471
0.131  11.278
0.132  11.085
0.133  10.893
0.134  10.703
0.135  10.515
0.136  10.327
0.137  10.142
0.138   9.957
0.139   9.775
0.140   9.594
0.141   9.415
0.142   9.237
0.143   9.061
0.144   8.887
0.145   8.715
0.146   8.545
0.147   8.376
0.148   8.210
0.149   8.045
0.150   7.883
0.151   7.723
0.152   7.564
0.153   7.408
0.154   7.254
0.155   7.102
0.156   6.951
0.157   6.804
0.158   6.658
0.159   6.514
0.160   6.372
0.161   6.233
0.162   6.095
0.163   5.960
0.164   5.827
0.165   5.696
0.166   5.567
0.167   5.441
0.168   5.316
0.169   5.194
0.170   5.074
0.171   4.956
0.172   4.840
0.173   4.727
0.174   4.616
0.175   4.506
0.176   4.400
0.177   4.295
0.178   4.192
0.179   4.092
0.180   3.994
0.181   3.898
0.182   3.804
0.183   3.713
0.184   3.623
0.185   3.536
0.186   3.450
0.187   3.367
0.188   3.286
0.189   3.206
0.190   3.129
0.191   3.053
0.192   2.979
0.193   2.907
0.194   2.837
0.195   2.768
0.196   2.702
0.197   2.636
0.198   2.573
0.199   2.511
0.200   2.450