  1   0.000000E+00   0.265580E-03   0.531160E-03
  2   0.531160E-03   0.796740E-03   0.106232E-02
  3   0.106232E-02   0.132790E-02   0.159348E-02
  4   0.159348E-02   0.185906E-02   0.212464E-02
  5   0.212464E-02   0.239022E-02   0.265580E-02
  6   0.265580E-02   0.292138E-02   0.318696E-02
  7   0.318696E-02   0.345254E-02   0.371812E-02
  8   0.371812E-02   0.398370E-02   0.424928E-02
  9   0.424928E-02   0.451486E-02   0.478044E-02
 10   0.478044E-02   0.504602E-02   0.531160E-02
 11   0.531160E-02   0.557718E-02   0.584276E-02
 12   0.584276E-02   0.610834E-02   0.637392E-02
 13   0.637392E-02   0.663950E-02   0.690508E-02
 14   0.690508E-02   0.717066E-02   0.743624E-02
 15   0.743624E-02   0.770182E-02   0.796740E-02
 16   0.796740E-02   0.823298E-02   0.849856E-02
 17   0.849856E-02   0.876414E-02   0.902972E-02
 18   0.902972E-02   0.929530E-02   0.956088E-02
 19   0.956088E-02   0.982646E-02   0.100920E-01
 20   0.100920E-01   0.103576E-01   0.106232E-01
 21   0.106232E-01   0.108888E-01   0.111544E-01
 22   0.111544E-01   0.114199E-01   0.116855E-01
 23   0.116855E-01   0.119511E-01   0.122167E-01
 24   0.122167E-01   0.124823E-01   0.127478E-01
 25   0.127478E-01   0.130134E-01   0.132790E-01
 26   0.132790E-01   0.135446E-01   0.138102E-01
 27   0.138102E-01   0.140757E-01   0.143413E-01
 28   0.143413E-01   0.146069E-01   0.148725E-01
 29   0.148725E-01   0.151381E-01   0.154036E-01
 30   0.154036E-01   0.156692E-01   0.159348E-01
 31   0.159348E-01   0.162004E-01   0.164660E-01
 32   0.164660E-01   0.167315E-01   0.169971E-01
 33   0.169971E-01   0.172627E-01   0.175283E-01
 34   0.175283E-01   0.177939E-01   0.180594E-01
 35   0.180594E-01   0.183250E-01   0.185906E-01
 36   0.185906E-01   0.188562E-01   0.191218E-01
 37   0.191218E-01   0.193873E-01   0.196529E-01
 38   0.196529E-01   0.199185E-01   0.201841E-01
 39   0.201841E-01   0.204497E-01   0.207152E-01
 40   0.207152E-01   0.209808E-01   0.212464E-01
 41   0.212464E-01   0.215120E-01   0.217776E-01
 42   0.217776E-01   0.220431E-01   0.223087E-01
 43   0.223087E-01   0.225743E-01   0.228399E-01
 44   0.228399E-01   0.231054E-01   0.233710E-01
 45   0.233710E-01   0.236366E-01   0.239022E-01
 46   0.239022E-01   0.241678E-01   0.244333E-01
 47   0.244333E-01   0.246989E-01   0.249645E-01
 48   0.249645E-01   0.252301E-01   0.254957E-01
 49   0.254957E-01   0.257612E-01   0.260268E-01
 50   0.260268E-01   0.262924E-01   0.265580E-01
 51   0.265580E-01   0.268236E-01   0.270891E-01
 52   0.270891E-01   0.273547E-01   0.276203E-01
 53   0.276203E-01   0.278859E-01   0.281515E-01
 54   0.281515E-01   0.284170E-01   0.286826E-01
 55   0.286826E-01   0.289482E-01   0.292138E-01
 56   0.292138E-01   0.294794E-01   0.297449E-01
 57   0.297449E-01   0.300105E-01   0.302761E-01
 58   0.302761E-01   0.305417E-01   0.308073E-01
 59   0.308073E-01   0.310728E-01   0.313384E-01
 60   0.313384E-01   0.316040E-01   0.318696E-01
 61   0.318696E-01   0.321352E-01   0.324007E-01
 62   0.324007E-01   0.326663E-01   0.329319E-01
 63   0.329319E-01   0.331975E-01   0.334631E-01
 64   0.334631E-01   0.337286E-01   0.339942E-01
 65   0.339942E-01   0.342598E-01   0.345254E-01
 66   0.345254E-01   0.347910E-01   0.350565E-01
 67   0.350565E-01   0.353221E-01   0.355877E-01
 68   0.355877E-01   0.358533E-01   0.361189E-01
 69   0.361189E-01   0.363844E-01   0.366500E-01
 70   0.366500E-01   0.369156E-01   0.371812E-01
 71   0.371812E-01   0.374468E-01   0.377123E-01
 72   0.377123E-01   0.379779E-01   0.382435E-01
 73   0.382435E-01   0.385091E-01   0.387747E-01
 74   0.387747E-01   0.390402E-01   0.393058E-01
 75   0.393058E-01   0.395714E-01   0.398370E-01
 76   0.398370E-01   0.401026E-01   0.403681E-01
 77   0.403681E-01   0.406337E-01   0.408993E-01
 78   0.408993E-01   0.411649E-01   0.414305E-01
 79   0.414305E-01   0.416960E-01   0.419616E-01
 80   0.419616E-01   0.422272E-01   0.424928E-01
 81   0.424928E-01   0.427584E-01   0.430239E-01
 82   0.430239E-01   0.432895E-01   0.435551E-01
 83   0.435551E-01   0.438207E-01   0.440863E-01
 84   0.440863E-01   0.443518E-01   0.446174E-01
 85   0.446174E-01   0.448830E-01   0.451486E-01
 86   0.451486E-01   0.454142E-01   0.456797E-01
 87   0.456797E-01   0.459453E-01   0.462109E-01
 88   0.462109E-01   0.464765E-01   0.467421E-01
 89   0.467421E-01   0.470076E-01   0.472732E-01
 90   0.472732E-01   0.475388E-01   0.478044E-01
 91   0.478044E-01   0.480700E-01   0.483355E-01
 92   0.483355E-01   0.486011E-01   0.488667E-01
 93   0.488667E-01   0.491323E-01   0.493979E-01
 94   0.493979E-01   0.496634E-01   0.499290E-01
 95   0.499290E-01   0.501946E-01   0.504602E-01
 96   0.504602E-01   0.507258E-01   0.509913E-01
 97   0.509913E-01   0.512569E-01   0.515225E-01
 98   0.515225E-01   0.517881E-01   0.520537E-01
 99   0.520537E-01   0.523192E-01   0.525848E-01
100   0.525848E-01   0.528504E-01   0.531160E-01
101   0.531160E-01   0.533816E-01   0.536471E-01
102   0.536471E-01   0.539127E-01   0.541783E-01
103   0.541783E-01   0.544439E-01   0.547095E-01
104   0.547095E-01   0.549750E-01   0.552406E-01
105   0.552406E-01   0.555062E-01   0.557718E-01
106   0.557718E-01   0.560374E-01   0.563029E-01
107   0.563029E-01   0.565685E-01   0.568341E-01
108   0.568341E-01   0.570997E-01   0.573653E-01
109   0.573653E-01   0.576308E-01   0.578964E-01
110   0.578964E-01   0.581620E-01   0.584276E-01
111   0.584276E-01   0.586932E-01   0.589587E-01
112   0.589587E-01   0.592243E-01   0.594899E-01
113   0.594899E-01   0.597555E-01   0.600211E-01
114   0.600211E-01   0.602866E-01   0.605522E-01
115   0.605522E-01   0.608178E-01   0.610834E-01
116   0.610834E-01   0.613490E-01   0.616145E-01
117   0.616145E-01   0.618801E-01   0.621457E-01
118   0.621457E-01   0.624113E-01   0.626769E-01
119   0.626769E-01   0.629424E-01   0.632080E-01
120   0.632080E-01   0.634736E-01   0.637392E-01
121   0.637392E-01   0.640048E-01   0.642703E-01
122   0.642703E-01   0.645359E-01   0.648015E-01
123   0.648015E-01   0.650671E-01   0.653327E-01
124   0.653327E-01   0.655982E-01   0.658638E-01
125   0.658638E-01   0.661294E-01   0.663950E-01
126   0.663950E-01   0.666606E-01   0.669261E-01
127   0.669261E-01   0.671917E-01   0.674573E-01
128   0.674573E-01   0.677229E-01   0.679885E-01
129   0.679885E-01   0.682540E-01   0.685196E-01
130   0.685196E-01   0.687852E-01   0.690508E-01
131   0.690508E-01   0.693163E-01   0.695819E-01
132   0.695819E-01   0.698475E-01   0.701131E-01
133   0.701131E-01   0.703787E-01   0.706442E-01
134   0.706442E-01   0.709098E-01   0.711754E-01
135   0.711754E-01   0.714410E-01   0.717066E-01
136   0.717066E-01   0.719721E-01   0.722377E-01
137   0.722377E-01   0.725033E-01   0.727689E-01
138   0.727689E-01   0.730345E-01   0.733000E-01
139   0.733000E-01   0.735656E-01   0.738312E-01
140   0.738312E-01   0.740968E-01   0.743624E-01
141   0.743624E-01   0.746279E-01   0.748935E-01
142   0.748935E-01   0.751591E-01   0.754247E-01
143   0.754247E-01   0.756903E-01   0.759558E-01
144   0.759558E-01   0.762214E-01   0.764870E-01
145   0.764870E-01   0.767526E-01   0.770182E-01
146   0.770182E-01   0.772837E-01   0.775493E-01
147   0.775493E-01   0.778149E-01   0.780805E-01
148   0.780805E-01   0.783461E-01   0.786116E-01
149   0.786116E-01   0.788772E-01   0.791428E-01
150   0.791428E-01   0.794084E-01   0.796740E-01
151   0.796740E-01   0.799395E-01   0.802051E-01
152   0.802051E-01   0.804707E-01   0.807363E-01
153   0.807363E-01   0.810019E-01   0.812674E-01
154   0.812674E-01   0.815330E-01   0.817986E-01
155   0.817986E-01   0.820642E-01   0.823298E-01
156   0.823298E-01   0.825953E-01   0.828609E-01
157   0.828609E-01   0.831265E-01   0.833921E-01
158   0.833921E-01   0.836577E-01   0.839232E-01
159   0.839232E-01   0.841888E-01   0.844544E-01
160   0.844544E-01   0.847200E-01   0.849856E-01
161   0.849856E-01   0.852511E-01   0.855167E-01
162   0.855167E-01   0.857823E-01   0.860479E-01
163   0.860479E-01   0.863135E-01   0.865790E-01
164   0.865790E-01   0.868446E-01   0.871102E-01
165   0.871102E-01   0.873758E-01   0.876414E-01
166   0.876414E-01   0.879069E-01   0.881725E-01
167   0.881725E-01   0.884381E-01   0.887037E-01
168   0.887037E-01   0.889693E-01   0.892348E-01
169   0.892348E-01   0.895004E-01   0.897660E-01
170   0.897660E-01   0.900316E-01   0.902972E-01
171   0.902972E-01   0.905627E-01   0.908283E-01
172   0.908283E-01   0.910939E-01   0.913595E-01
173   0.913595E-01   0.916251E-01   0.918906E-01
174   0.918906E-01   0.921562E-01   0.924218E-01
175   0.924218E-01   0.926874E-01   0.929530E-01
176   0.929530E-01   0.932185E-01   0.934841E-01
177   0.934841E-01   0.937497E-01   0.940153E-01
178   0.940153E-01   0.942809E-01   0.945464E-01
179   0.945464E-01   0.948120E-01   0.950776E-01
180   0.950776E-01   0.953432E-01   0.956088E-01
181   0.956088E-01   0.958743E-01   0.961399E-01
182   0.961399E-01   0.964055E-01   0.966711E-01
183   0.966711E-01   0.969367E-01   0.972022E-01
184   0.972022E-01   0.974678E-01   0.977334E-01
185   0.977334E-01   0.979990E-01   0.982646E-01
186   0.982646E-01   0.100000E+00   0.101735E+00
187   0.101735E+00   0.103532E+00   0.105329E+00
188   0.105329E+00   0.107189E+00   0.109049E+00
189   0.109049E+00   0.110975E+00   0.112901E+00
190   0.112901E+00   0.114895E+00   0.116889E+00
191   0.116889E+00   0.118953E+00   0.121018E+00
192   0.121018E+00   0.123155E+00   0.125292E+00
193   0.125292E+00   0.127505E+00   0.129718E+00
194   0.129718E+00   0.132009E+00   0.134300E+00
195   0.134300E+00   0.136672E+00   0.139043E+00
196   0.139043E+00   0.141499E+00   0.143955E+00
197   0.143955E+00   0.146497E+00   0.149040E+00
198   0.149040E+00   0.151672E+00   0.154304E+00
199   0.154304E+00   0.157029E+00   0.159754E+00
200   0.159754E+00   0.162576E+00   0.165397E+00
201   0.165397E+00   0.168318E+00   0.171239E+00
202   0.171239E+00   0.174263E+00   0.177288E+00
203   0.177288E+00   0.180419E+00   0.183550E+00
204   0.183550E+00   0.186791E+00   0.190033E+00
205   0.190033E+00   0.193389E+00   0.196745E+00
206   0.196745E+00   0.200220E+00   0.203695E+00
207   0.203695E+00   0.207292E+00   0.210890E+00
208   0.210890E+00   0.214614E+00   0.218339E+00
209   0.218339E+00   0.222195E+00   0.226051E+00
210   0.226051E+00   0.230043E+00   0.234035E+00
211   0.234035E+00   0.238169E+00   0.242302E+00
212   0.242302E+00   0.246581E+00   0.250860E+00
213   0.250860E+00   0.255291E+00   0.259721E+00
214   0.259721E+00   0.264308E+00   0.268895E+00
215   0.268895E+00   0.273644E+00   0.278393E+00
216   0.278393E+00   0.283310E+00   0.288226E+00
217   0.288226E+00   0.293317E+00   0.298407E+00
218   0.298407E+00   0.303677E+00   0.308947E+00
219   0.308947E+00   0.314404E+00   0.319860E+00
220   0.319860E+00   0.325509E+00   0.331158E+00
221   0.331158E+00   0.337006E+00   0.342855E+00
222   0.342855E+00   0.348910E+00   0.354965E+00
223   0.354965E+00   0.361234E+00   0.367503E+00
224   0.367503E+00   0.373994E+00   0.380484E+00
225   0.380484E+00   0.387204E+00   0.393924E+00
226   0.393924E+00   0.400881E+00   0.407838E+00
227   0.407838E+00   0.415040E+00   0.422243E+00
228   0.422243E+00   0.429700E+00   0.437158E+00
229   0.437158E+00   0.444878E+00   0.452599E+00
230   0.452599E+00   0.460592E+00   0.468586E+00
231   0.468586E+00   0.476861E+00   0.485137E+00
232   0.485137E+00   0.493705E+00   0.502273E+00
233   0.502273E+00   0.511143E+00   0.520014E+00
234   0.520014E+00   0.529198E+00   0.538382E+00
235   0.538382E+00   0.547890E+00   0.557398E+00
236   0.557398E+00   0.567243E+00   0.577087E+00
237   0.577087E+00   0.587279E+00   0.597471E+00
238   0.597471E+00   0.608022E+00   0.618574E+00
239   0.618574E+00   0.629499E+00   0.640423E+00
240   0.640423E+00   0.651734E+00   0.663044E+00
241   0.663044E+00   0.674754E+00   0.686464E+00
242   0.686464E+00   0.698588E+00   0.710712E+00
243   0.710712E+00   0.723263E+00   0.735815E+00
244   0.735815E+00   0.748810E+00   0.761806E+00
245   0.761806E+00   0.775260E+00   0.788714E+00
246   0.788714E+00   0.802643E+00   0.816573E+00
247   0.816573E+00   0.830994E+00   0.845416E+00
248   0.845416E+00   0.860346E+00   0.875277E+00
249   0.875277E+00   0.890735E+00   0.906194E+00
250   0.906194E+00   0.922198E+00   0.938202E+00
251   0.938202E+00   0.954772E+00   0.971341E+00
252   0.971341E+00   0.988496E+00   0.100565E+01
253   0.100565E+01   0.102341E+01   0.104117E+01
254   0.104117E+01   0.105956E+01   0.107795E+01
255   0.107795E+01   0.109699E+01   0.111602E+01
256   0.111602E+01   0.113573E+01   0.115544E+01
257   0.115544E+01   0.117585E+01   0.119626E+01
258   0.119626E+01   0.121738E+01   0.123851E+01
259   0.123851E+01   0.126038E+01   0.128226E+01
260   0.128226E+01   0.130490E+01   0.132755E+01
261   0.132755E+01   0.135099E+01   0.137444E+01
262   0.137444E+01   0.139871E+01   0.142299E+01
263   0.142299E+01   0.144812E+01   0.147325E+01
264   0.147325E+01   0.149927E+01   0.152529E+01
265   0.152529E+01   0.155223E+01   0.157916E+01
266   0.157916E+01   0.160705E+01   0.163494E+01
267   0.163494E+01   0.166382E+01   0.169269E+01
268   0.169269E+01   0.172259E+01   0.175248E+01
269   0.175248E+01   0.178343E+01   0.181438E+01
270   0.181438E+01   0.184642E+01   0.187847E+01
271   0.187847E+01   0.191164E+01   0.194482E+01
272   0.194482E+01   0.197917E+01   0.201351E+01
273   0.201351E+01   0.204907E+01   0.208464E+01
274   0.208464E+01   0.212145E+01   0.215827E+01
275   0.215827E+01   0.219639E+01   0.223450E+01
276   0.223450E+01   0.227397E+01   0.231343E+01
277   0.231343E+01   0.235429E+01   0.239514E+01
278   0.239514E+01   0.243744E+01   0.247974E+01
279   0.247974E+01   0.252354E+01   0.256733E+01
280   0.256733E+01   0.261268E+01   0.265802E+01
281   0.265802E+01   0.270496E+01   0.275190E+01
282   0.275190E+01   0.280050E+01   0.284911E+01
283   0.284911E+01   0.289942E+01   0.294974E+01
284   0.294974E+01   0.300184E+01   0.305393E+01
285   0.305393E+01   0.310787E+01   0.316180E+01
286   0.316180E+01   0.321764E+01   0.327348E+01
287   0.327348E+01   0.333129E+01   0.338911E+01
288   0.338911E+01   0.344896E+01   0.350882E+01
289   0.350882E+01   0.357079E+01   0.363275E+01
290   0.363275E+01   0.369691E+01   0.376107E+01
291   0.376107E+01   0.382749E+01   0.389392E+01
292   0.389392E+01   0.396269E+01   0.403146E+01
293   0.403146E+01   0.410266E+01   0.417386E+01
294   0.417386E+01   0.424757E+01   0.432129E+01
295   0.432129E+01   0.439760E+01   0.447392E+01
296   0.447392E+01   0.455294E+01   0.463195E+01
297   0.463195E+01   0.471375E+01   0.479556E+01
298   0.479556E+01   0.488025E+01   0.496495E+01
299   0.496495E+01   0.505263E+01   0.514032E+01
300   0.514032E+01   0.523110E+01   0.532188E+01
301   0.532188E+01   0.541587E+01   0.550986E+01
302   0.550986E+01   0.560717E+01   0.570448E+01
303   0.570448E+01   0.580523E+01   0.590597E+01
304   0.590597E+01   0.601028E+01   0.611458E+01
305   0.611458E+01   0.622257E+01   0.633056E+01
306   0.633056E+01   0.644236E+01   0.655417E+01
307   0.655417E+01   0.666992E+01   0.678567E+01
308   0.678567E+01   0.690551E+01   0.702535E+01
309   0.702535E+01   0.714943E+01   0.727350E+01
310   0.727350E+01   0.740196E+01   0.753042E+01
311   0.753042E+01   0.766341E+01   0.779640E+01
312   0.779640E+01   0.793410E+01   0.807179E+01
313   0.807179E+01   0.821434E+01   0.835690E+01
314   0.835690E+01   0.850449E+01   0.865208E+01
315   0.865208E+01   0.880488E+01   0.895769E+01
316   0.895769E+01   0.911589E+01   0.927409E+01
317   0.927409E+01   0.943788E+01   0.960167E+01
318   0.960167E+01   0.977124E+01   0.994082E+01
319   0.994082E+01   0.101164E+02   0.102919E+02
320   0.102919E+02   0.104737E+02   0.106555E+02
321   0.106555E+02   0.108437E+02   0.110318E+02
322   0.110318E+02   0.112267E+02   0.114215E+02
323   0.114215E+02   0.116232E+02   0.118249E+02
324   0.118249E+02   0.120338E+02   0.122426E+02
325   0.122426E+02   0.124588E+02   0.126750E+02
326   0.126750E+02   0.128989E+02   0.131228E+02
327   0.131228E+02   0.133545E+02   0.135863E+02
328   0.135863E+02   0.138262E+02   0.140662E+02
329   0.140662E+02   0.143146E+02   0.145630E+02
330   0.145630E+02   0.148202E+02   0.150774E+02
331   0.150774E+02   0.153437E+02   0.156100E+02
332   0.156100E+02   0.158857E+02   0.161613E+02
333   0.161613E+02   0.164468E+02   0.167322E+02
334   0.167322E+02   0.170277E+02   0.173232E+02
335   0.173232E+02   0.176291E+02   0.179351E+02
336   0.179351E+02   0.182518E+02   0.185686E+02
337   0.185686E+02   0.188965E+02   0.192245E+02
338   0.192245E+02   0.195640E+02   0.199035E+02
339   0.199035E+02   0.202550E+02   0.206065E+02
340   0.206065E+02   0.209705E+02   0.213344E+02
341   0.213344E+02   0.217112E+02   0.220880E+02
342   0.220880E+02   0.224781E+02   0.228682E+02
343   0.228682E+02   0.232720E+02   0.236759E+02
344   0.236759E+02   0.240940E+02   0.245122E+02
345   0.245122E+02   0.249451E+02   0.253780E+02
346   0.253780E+02   0.258262E+02   0.262744E+02
347   0.262744E+02   0.267384E+02   0.272024E+02
348   0.272024E+02   0.276829E+02   0.281633E+02
349   0.281633E+02   0.286607E+02   0.291581E+02
350   0.291581E+02   0.296730E+02   0.301880E+02
351   0.301880E+02   0.307211E+02   0.312543E+02
352   0.312543E+02   0.318063E+02   0.323582E+02
353   0.323582E+02   0.329297E+02   0.335012E+02
354   0.335012E+02   0.340929E+02   0.346845E+02
355   0.346845E+02   0.352971E+02   0.359096E+02
356   0.359096E+02   0.365438E+02   0.371780E+02
357   0.371780E+02   0.378346E+02   0.384912E+02
358   0.384912E+02   0.391710E+02   0.398508E+02
359   0.398508E+02   0.405546E+02   0.412584E+02
360   0.412584E+02   0.419871E+02   0.427157E+02
361   0.427157E+02   0.434701E+02   0.442245E+02
362   0.442245E+02   0.450056E+02   0.457866E+02
363   0.457866E+02   0.465953E+02   0.474039E+02
364   0.474039E+02   0.482411E+02   0.490783E+02
365   0.490783E+02   0.499451E+02   0.508118E+02
366   0.508118E+02   0.517092E+02   0.526066E+02
367   0.526066E+02   0.535357E+02   0.544647E+02
368   0.544647E+02   0.554266E+02   0.563885E+02
369   0.563885E+02   0.573844E+02   0.583803E+02
370   0.583803E+02   0.594113E+02   0.604424E+02
371   0.604424E+02   0.615099E+02   0.625773E+02
372   0.625773E+02   0.636825E+02   0.647877E+02
373   0.647877E+02   0.659319E+02   0.670761E+02
374   0.670761E+02   0.682607E+02   0.694453E+02
375   0.694453E+02   0.706718E+02   0.718983E+02
376   0.718983E+02   0.731681E+02   0.744379E+02
377   0.744379E+02   0.757525E+02   0.770671E+02
378   0.770671E+02   0.784282E+02   0.797893E+02
379   0.797893E+02   0.811984E+02   0.826076E+02
380   0.826076E+02   0.840665E+02   0.855255E+02
381   0.855255E+02   0.870359E+02   0.885464E+02
382   0.885464E+02   0.901102E+02   0.916740E+02
383   0.916740E+02   0.932930E+02   0.949121E+02
384   0.949121E+02   0.965883E+02   0.982646E+02
385   0.982646E+02   0.100000E+03   0.101735E+03
