 0.001    0.8299E+00
 0.002    0.8914E+00
 0.003    0.9081E+00
 0.004    0.9184E+00
 0.005    0.9271E+00
 0.006    0.9342E+00
 0.007    0.9405E+00
 0.008    0.9460E+00
 0.009    0.9511E+00
 0.010    0.9561E+00
 0.011    0.9608E+00
 0.012    0.9651E+00
 0.013    0.9691E+00
 0.014    0.9731E+00
 0.015    0.9771E+00
 0.016    0.9809E+00
 0.017    0.9847E+00
 0.018    0.9882E+00
 0.019    0.9916E+00
 0.020    0.9951E+00
 0.021    0.9984E+00
 0.022    0.1002E+01
 0.023    0.1005E+01
 0.024    0.1008E+01
 0.025    0.1011E+01
 0.026    0.1014E+01
 0.027    0.1017E+01
 0.028    0.1020E+01
 0.029    0.1023E+01
 0.030    0.1026E+01
 0.031    0.1029E+01
 0.032    0.1032E+01
 0.033    0.1035E+01
 0.034    0.1038E+01
 0.035    0.1040E+01
 0.036    0.1043E+01
 0.037    0.1046E+01
 0.038    0.1048E+01
 0.039    0.1051E+01
 0.040    0.1054E+01
 0.041    0.1056E+01
 0.042    0.1059E+01
 0.043    0.1061E+01
 0.044    0.1063E+01
 0.045    0.1065E+01
 0.046    0.1068E+01
 0.047    0.1070E+01
 0.048    0.1073E+01
 0.049    0.1075E+01
 0.050    0.1077E+01
 0.051    0.1079E+01
 0.052    0.1082E+01
 0.053    0.1084E+01
 0.054    0.1086E+01
 0.055    0.1088E+01
 0.056    0.1090E+01
 0.057    0.1091E+01
 0.058    0.1093E+01
 0.059    0.1095E+01
 0.060    0.1097E+01
 0.061    0.1099E+01
 0.062    0.1101E+01
 0.063    0.1103E+01
 0.064    0.1104E+01
 0.065    0.1106E+01
 0.066    0.1107E+01
 0.067    0.1109E+01
 0.068    0.1111E+01
 0.069    0.1112E+01
 0.070    0.1113E+01
 0.071    0.1115E+01
 0.072    0.1116E+01
 0.073    0.1118E+01
 0.074    0.1119E+01
 0.075    0.1120E+01
 0.076    0.1121E+01
 0.077    0.1123E+01
 0.078    0.1124E+01
 0.079    0.1125E+01
 0.080    0.1126E+01
 0.081    0.1127E+01
 0.082    0.1128E+01
 0.083    0.1129E+01
 0.084    0.1130E+01
 0.085    0.1131E+01
 0.086    0.1132E+01
 0.087    0.1132E+01
 0.088    0.1133E+01
 0.089    0.1134E+01
 0.090    0.1134E+01
 0.091    0.1135E+01
 0.092    0.1136E+01
 0.093    0.1136E+01
 0.094    0.1136E+01
 0.095    0.1137E+01
 0.096    0.1137E+01
 0.097    0.1138E+01
 0.098    0.1138E+01
 0.099    0.1139E+01
 0.100    0.1139E+01
 0.101    0.1139E+01
 0.102    0.1140E+01
 0.103    0.1140E+01
 0.104    0.1140E+01
 0.105    0.1140E+01
 0.106    0.1140E+01
 0.107    0.1141E+01
 0.108    0.1140E+01
 0.109    0.1140E+01
 0.110    0.1140E+01
 0.111    0.1140E+01
 0.112    0.1140E+01
 0.113    0.1140E+01
 0.114    0.1140E+01
 0.115    0.1140E+01
 0.116    0.1140E+01
 0.117    0.1139E+01
 0.118    0.1139E+01
 0.119    0.1139E+01
 0.120    0.1139E+01
 0.121    0.1138E+01
 0.122    0.1138E+01
 0.123    0.1137E+01
 0.124    0.1137E+01
 0.125    0.1137E+01
 0.126    0.1136E+01
 0.127    0.1136E+01
 0.128    0.1135E+01
 0.129    0.1135E+01
 0.130    0.1134E+01
 0.131    0.1134E+01
 0.132    0.1133E+01
 0.133    0.1132E+01
 0.134    0.1132E+01
 0.135    0.1131E+01
 0.136    0.1130E+01
 0.137    0.1129E+01
 0.138    0.1129E+01
 0.139    0.1128E+01
 0.140    0.1127E+01
 0.141    0.1126E+01
 0.142    0.1126E+01
 0.143    0.1124E+01
 0.144    0.1124E+01
 0.145    0.1123E+01
 0.146    0.1122E+01
 0.147    0.1120E+01
 0.148    0.1119E+01
 0.149    0.1118E+01
 0.150    0.1117E+01
 0.151    0.1116E+01
 0.152    0.1115E+01
 0.153    0.1114E+01
 0.154    0.1113E+01
 0.155    0.1111E+01
 0.156    0.1110E+01
 0.157    0.1109E+01
 0.158    0.1107E+01
 0.159    0.1106E+01
 0.160    0.1104E+01
 0.161    0.1103E+01
 0.162    0.1102E+01
 0.163    0.1100E+01
 0.164    0.1099E+01
 0.165    0.1097E+01
 0.166    0.1095E+01
 0.167    0.1094E+01
 0.168    0.1092E+01
 0.169    0.1090E+01
 0.170    0.1088E+01
 0.171    0.1087E+01
 0.172    0.1085E+01
 0.173    0.1083E+01
 0.174    0.1081E+01
 0.175    0.1079E+01
 0.176    0.1077E+01
 0.177    0.1075E+01
 0.178    0.1073E+01
 0.179    0.1071E+01
 0.180    0.1069E+01
 0.181    0.1067E+01
 0.182    0.1064E+01
 0.183    0.1062E+01
 0.184    0.1060E+01
 0.185    0.1057E+01
 0.186    0.1055E+01
 0.187    0.1052E+01
 0.188    0.1050E+01
 0.189    0.1047E+01
 0.190    0.1045E+01
 0.191    0.1042E+01
 0.192    0.1039E+01
 0.193    0.1037E+01
 0.194    0.1034E+01
 0.195    0.1031E+01
 0.196    0.1028E+01
 0.197    0.1025E+01
 0.198    0.1023E+01
 0.199    0.1020E+01
 0.200    0.1017E+01
 0.201    0.1014E+01
 0.202    0.1010E+01
 0.203    0.1007E+01
 0.204    0.1004E+01
 0.205    0.1001E+01
 0.206    0.9978E+00
 0.207    0.9943E+00
 0.208    0.9911E+00
 0.209    0.9878E+00
 0.210    0.9845E+00
 0.211    0.9811E+00
 0.212    0.9774E+00
 0.213    0.9740E+00
 0.214    0.9706E+00
 0.215    0.9670E+00
 0.216    0.9634E+00
 0.217    0.9599E+00
 0.218    0.9564E+00
 0.219    0.9526E+00
 0.220    0.9488E+00
 0.221    0.9451E+00
 0.222    0.9415E+00
 0.223    0.9376E+00
 0.224    0.9338E+00
 0.225    0.9301E+00
 0.226    0.9263E+00
 0.227    0.9224E+00
 0.228    0.9185E+00
 0.229    0.9148E+00
 0.230    0.9108E+00
 0.231    0.9069E+00
 0.232    0.9030E+00
 0.233    0.8990E+00
 0.234    0.8951E+00
 0.235    0.8911E+00
 0.236    0.8871E+00
 0.237    0.8830E+00
 0.238    0.8790E+00
 0.239    0.8750E+00
 0.240    0.8710E+00
 0.241    0.8668E+00
 0.242    0.8628E+00
 0.243    0.8588E+00
 0.244    0.8546E+00
 0.245    0.8505E+00
 0.246    0.8464E+00
 0.247    0.8424E+00
 0.248    0.8378E+00
 0.249    0.8337E+00
 0.250    0.8296E+00
 0.251    0.8252E+00
 0.252    0.8210E+00
 0.253    0.8168E+00
 0.254    0.8125E+00
 0.255    0.8076E+00
 0.256    0.8043E+00
 0.257    0.8034E+00
 0.258    0.8034E+00
 0.259    0.8027E+00
 0.260    0.7998E+00
 0.261    0.7959E+00
 0.262    0.7919E+00
 0.263    0.7879E+00
 0.264    0.7839E+00
 0.265    0.7799E+00
 0.266    0.7760E+00
 0.267    0.7720E+00
 0.268    0.7681E+00
 0.269    0.7642E+00
 0.270    0.7602E+00
 0.271    0.7563E+00
 0.272    0.7524E+00
 0.273    0.7485E+00
 0.274    0.7446E+00
 0.275    0.7407E+00
 0.276    0.7368E+00
 0.277    0.7329E+00
 0.278    0.7290E+00
 0.279    0.7251E+00
 0.280    0.7213E+00
 0.281    0.7174E+00
 0.282    0.7136E+00
 0.283    0.7097E+00
 0.284    0.7059E+00
 0.285    0.7021E+00
 0.286    0.6983E+00
 0.287    0.6946E+00
 0.288    0.6908E+00
 0.289    0.6871E+00
 0.290    0.6834E+00
 0.291    0.6798E+00
 0.292    0.6761E+00
 0.293    0.6724E+00
 0.294    0.6688E+00
 0.295    0.6652E+00
 0.296    0.6616E+00
 0.297    0.6581E+00
 0.298    0.6545E+00
 0.299    0.6510E+00
 0.300    0.6475E+00
 0.301    0.6440E+00
 0.302    0.6406E+00
 0.303    0.6371E+00
 0.304    0.6337E+00
 0.305    0.6303E+00
 0.306    0.6270E+00
 0.307    0.6236E+00
 0.308    0.6203E+00
 0.309    0.6171E+00
 0.310    0.6138E+00
 0.311    0.6106E+00
 0.312    0.6074E+00
 0.313    0.6042E+00
 0.314    0.6010E+00
 0.315    0.5979E+00
 0.316    0.5948E+00
 0.317    0.5917E+00
 0.318    0.5886E+00
 0.319    0.5856E+00
 0.320    0.5826E+00
 0.321    0.5796E+00
 0.322    0.5766E+00
 0.323    0.5737E+00
 0.324    0.5708E+00
 0.325    0.5679E+00
 0.326    0.5650E+00
 0.327    0.5621E+00
 0.328    0.5593E+00
 0.329    0.5565E+00
 0.330    0.5538E+00
 0.331    0.5510E+00
 0.332    0.5483E+00
 0.333    0.5456E+00
 0.334    0.5429E+00
 0.335    0.5403E+00
 0.336    0.5376E+00
 0.337    0.5350E+00
 0.338    0.5324E+00
 0.339    0.5298E+00
 0.340    0.5273E+00
 0.341    0.5248E+00
 0.342    0.5223E+00
 0.343    0.5198E+00
 0.344    0.5173E+00
 0.345    0.5148E+00
 0.346    0.5124E+00
 0.347    0.5099E+00
 0.348    0.5075E+00
 0.349    0.5051E+00
 0.350    0.5028E+00
 0.351    0.5004E+00
 0.352    0.4981E+00
 0.353    0.4958E+00
 0.354    0.4935E+00
 0.355    0.4912E+00
 0.356    0.4890E+00
 0.357    0.4867E+00
 0.358    0.4845E+00
 0.359    0.4823E+00
 0.360    0.4801E+00
 0.361    0.4779E+00
 0.362    0.4757E+00
 0.363    0.4736E+00
 0.364    0.4714E+00
 0.365    0.4693E+00
 0.366    0.4672E+00
 0.367    0.4651E+00
 0.368    0.4630E+00
 0.369    0.4609E+00
 0.370    0.4589E+00
 0.371    0.4568E+00
 0.372    0.4548E+00
 0.373    0.4528E+00
 0.374    0.4507E+00
 0.375    0.4487E+00
 0.376    0.4467E+00
 0.377    0.4448E+00
 0.378    0.4428E+00
 0.379    0.4408E+00
 0.380    0.4389E+00
 0.381    0.4369E+00
 0.382    0.4350E+00
 0.383    0.4331E+00
 0.384    0.4312E+00
 0.385    0.4293E+00
 0.386    0.4275E+00
 0.387    0.4256E+00
 0.388    0.4237E+00
 0.389    0.4219E+00
 0.390    0.4200E+00
 0.391    0.4182E+00
 0.392    0.4164E+00
 0.393    0.4146E+00
 0.394    0.4127E+00
 0.395    0.4109E+00
 0.396    0.4092E+00
 0.397    0.4074E+00
 0.398    0.4056E+00
 0.399    0.4038E+00
 0.400    0.4020E+00
 0.401    0.4003E+00
 0.402    0.3985E+00
 0.403    0.3968E+00
 0.404    0.3950E+00
 0.405    0.3933E+00
 0.406    0.3916E+00
 0.407    0.3899E+00
 0.408    0.3882E+00
 0.409    0.3865E+00
 0.410    0.3848E+00
 0.411    0.3831E+00
 0.412    0.3814E+00
 0.413    0.3798E+00
 0.414    0.3781E+00
 0.415    0.3765E+00
 0.416    0.3748E+00
 0.417    0.3732E+00
 0.418    0.3715E+00
 0.419    0.3699E+00
 0.420    0.3683E+00
 0.421    0.3667E+00
 0.422    0.3650E+00
 0.423    0.3634E+00
 0.424    0.3618E+00
 0.425    0.3602E+00
 0.426    0.3586E+00
 0.427    0.3570E+00
 0.428    0.3555E+00
 0.429    0.3539E+00
 0.430    0.3523E+00
 0.431    0.3508E+00
 0.432    0.3492E+00
 0.433    0.3477E+00
 0.434    0.3461E+00
 0.435    0.3446E+00
 0.436    0.3430E+00
 0.437    0.3415E+00
 0.438    0.3400E+00
 0.439    0.3385E+00
 0.440    0.3370E+00
 0.441    0.3354E+00
 0.442    0.3340E+00
 0.443    0.3325E+00
 0.444    0.3310E+00
 0.445    0.3295E+00
 0.446    0.3280E+00
 0.447    0.3266E+00
 0.448    0.3251E+00
 0.449    0.3236E+00
 0.450    0.3222E+00
 0.451    0.3207E+00
 0.452    0.3193E+00
 0.453    0.3178E+00
 0.454    0.3164E+00
 0.455    0.3150E+00
 0.456    0.3135E+00
 0.457    0.3121E+00
 0.458    0.3107E+00
 0.459    0.3092E+00
 0.460    0.3078E+00
 0.461    0.3064E+00
 0.462    0.3050E+00
 0.463    0.3036E+00
 0.464    0.3021E+00
 0.465    0.3007E+00
 0.466    0.2993E+00
 0.467    0.2979E+00
 0.468    0.2965E+00
 0.469    0.2951E+00
 0.470    0.2937E+00
 0.471    0.2923E+00
 0.472    0.2909E+00
 0.473    0.2895E+00
 0.474    0.2882E+00
 0.475    0.2868E+00
 0.476    0.2854E+00
 0.477    0.2840E+00
 0.478    0.2827E+00
 0.479    0.2813E+00
 0.480    0.2799E+00
 0.481    0.2786E+00
 0.482    0.2772E+00
 0.483    0.2758E+00
 0.484    0.2745E+00
 0.485    0.2731E+00
 0.486    0.2718E+00
 0.487    0.2704E+00
 0.488    0.2691E+00
 0.489    0.2677E+00
 0.490    0.2664E+00
 0.491    0.2651E+00
 0.492    0.2637E+00
 0.493    0.2624E+00
 0.494    0.2611E+00
 0.495    0.2597E+00
 0.496    0.2584E+00
 0.497    0.2571E+00
 0.498    0.2558E+00
 0.499    0.2545E+00
 0.500    0.2532E+00
 0.501    0.2518E+00
 0.502    0.2505E+00
 0.503    0.2492E+00
 0.504    0.2479E+00
 0.505    0.2466E+00
 0.506    0.2453E+00
 0.507    0.2441E+00
 0.508    0.2428E+00
 0.509    0.2415E+00
 0.510    0.2402E+00
 0.511    0.2389E+00
 0.512    0.2377E+00
 0.513    0.2364E+00
 0.514    0.2352E+00
 0.515    0.2339E+00
 0.516    0.2326E+00
 0.517    0.2314E+00
 0.518    0.2301E+00
 0.519    0.2289E+00
 0.520    0.2277E+00
 0.521    0.2264E+00
 0.522    0.2252E+00
 0.523    0.2240E+00
 0.524    0.2228E+00
 0.525    0.2215E+00
 0.526    0.2203E+00
 0.527    0.2191E+00
 0.528    0.2179E+00
 0.529    0.2167E+00
 0.530    0.2155E+00
 0.531    0.2143E+00
 0.532    0.2131E+00
 0.533    0.2120E+00
 0.534    0.2108E+00
 0.535    0.2096E+00
 0.536    0.2084E+00
 0.537    0.2073E+00
 0.538    0.2061E+00
 0.539    0.2049E+00
 0.540    0.2038E+00
 0.541    0.2026E+00
 0.542    0.2015E+00
 0.543    0.2004E+00
 0.544    0.1992E+00
 0.545    0.1981E+00
 0.546    0.1970E+00
 0.547    0.1958E+00
 0.548    0.1947E+00
 0.549    0.1936E+00
 0.550    0.1925E+00
 0.551    0.1914E+00
 0.552    0.1903E+00
 0.553    0.1892E+00
 0.554    0.1881E+00
 0.555    0.1870E+00
 0.556    0.1860E+00
 0.557    0.1849E+00
 0.558    0.1838E+00
 0.559    0.1828E+00
 0.560    0.1817E+00
 0.561    0.1806E+00
 0.562    0.1796E+00
 0.563    0.1785E+00
 0.564    0.1775E+00
 0.565    0.1765E+00
 0.566    0.1754E+00
 0.567    0.1744E+00
 0.568    0.1734E+00
 0.569    0.1724E+00
 0.570    0.1714E+00
 0.571    0.1704E+00
 0.572    0.1693E+00
 0.573    0.1684E+00
 0.574    0.1674E+00
 0.575    0.1664E+00
 0.576    0.1654E+00
 0.577    0.1644E+00
 0.578    0.1634E+00
 0.579    0.1625E+00
 0.580    0.1615E+00
 0.581    0.1605E+00
 0.582    0.1596E+00
 0.583    0.1586E+00
 0.584    0.1577E+00
 0.585    0.1567E+00
 0.586    0.1558E+00
 0.587    0.1549E+00
 0.588    0.1539E+00
 0.589    0.1530E+00
 0.590    0.1521E+00
 0.591    0.1512E+00
 0.592    0.1503E+00
 0.593    0.1494E+00
 0.594    0.1485E+00
 0.595    0.1476E+00
 0.596    0.1467E+00
 0.597    0.1458E+00
 0.598    0.1449E+00
 0.599    0.1440E+00
 0.600    0.1431E+00
 0.601    0.1423E+00
 0.602    0.1414E+00
 0.603    0.1406E+00
 0.604    0.1397E+00
 0.605    0.1389E+00
 0.606    0.1380E+00
 0.607    0.1372E+00
 0.608    0.1363E+00
 0.609    0.1355E+00
 0.610    0.1347E+00
 0.611    0.1339E+00
 0.612    0.1330E+00
 0.613    0.1322E+00
 0.614    0.1314E+00
 0.615    0.1306E+00
 0.616    0.1298E+00
 0.617    0.1290E+00
 0.618    0.1282E+00
 0.619    0.1274E+00
 0.620    0.1266E+00
 0.621    0.1259E+00
 0.622    0.1251E+00
 0.623    0.1243E+00
 0.624    0.1236E+00
 0.625    0.1228E+00
 0.626    0.1220E+00
 0.627    0.1213E+00
 0.628    0.1205E+00
 0.629    0.1198E+00
 0.630    0.1190E+00
 0.631    0.1183E+00
 0.632    0.1176E+00
 0.633    0.1168E+00
 0.634    0.1161E+00
 0.635    0.1154E+00
 0.636    0.1147E+00
 0.637    0.1139E+00
 0.638    0.1132E+00
 0.639    0.1125E+00
 0.640    0.1118E+00
 0.641    0.1111E+00
 0.642    0.1104E+00
 0.643    0.1098E+00
 0.644    0.1091E+00
 0.645    0.1084E+00
 0.646    0.1077E+00
 0.647    0.1070E+00
 0.648    0.1064E+00
 0.649    0.1057E+00
 0.650    0.1050E+00
 0.651    0.1044E+00
 0.652    0.1037E+00
 0.653    0.1031E+00
 0.654    0.1024E+00
 0.655    0.1018E+00
 0.656    0.1011E+00
 0.657    0.1005E+00
 0.658    0.9988E-01
 0.659    0.9925E-01
 0.660    0.9862E-01
 0.661    0.9800E-01
 0.662    0.9738E-01
 0.663    0.9677E-01
 0.664    0.9616E-01
 0.665    0.9555E-01
 0.666    0.9494E-01
 0.667    0.9434E-01
 0.668    0.9374E-01
 0.669    0.9315E-01
 0.670    0.9255E-01
 0.671    0.9197E-01
 0.672    0.9138E-01
 0.673    0.9080E-01
 0.674    0.9022E-01
 0.675    0.8965E-01
 0.676    0.8908E-01
 0.677    0.8852E-01
 0.678    0.8796E-01
 0.679    0.8740E-01
 0.680    0.8684E-01
 0.681    0.8629E-01
 0.682    0.8574E-01
 0.683    0.8519E-01
 0.684    0.8464E-01
 0.685    0.8410E-01
 0.686    0.8356E-01
 0.687    0.8303E-01
 0.688    0.8250E-01
 0.689    0.8197E-01
 0.690    0.8144E-01
 0.691    0.8092E-01
 0.692    0.8040E-01
 0.693    0.7989E-01
 0.694    0.7937E-01
 0.695    0.7886E-01
 0.696    0.7836E-01
 0.697    0.7786E-01
 0.698    0.7736E-01
 0.699    0.7686E-01
 0.700    0.7637E-01
 0.701    0.7587E-01
 0.702    0.7538E-01
 0.703    0.7490E-01
 0.704    0.7441E-01
 0.705    0.7393E-01
 0.706    0.7345E-01
 0.707    0.7298E-01
 0.708    0.7250E-01
 0.709    0.7203E-01
 0.710    0.7156E-01
 0.711    0.7110E-01
 0.712    0.7064E-01
 0.713    0.7018E-01
 0.714    0.6972E-01
 0.715    0.6927E-01
 0.716    0.6882E-01
 0.717    0.6837E-01
 0.718    0.6792E-01
 0.719    0.6748E-01
 0.720    0.6704E-01
 0.721    0.6660E-01
 0.722    0.6617E-01
 0.723    0.6574E-01
 0.724    0.6530E-01
 0.725    0.6488E-01
 0.726    0.6445E-01
 0.727    0.6403E-01
 0.728    0.6361E-01
 0.729    0.6319E-01
 0.730    0.6277E-01
 0.731    0.6236E-01
 0.732    0.6195E-01
 0.733    0.6154E-01
 0.734    0.6113E-01
 0.735    0.6073E-01
 0.736    0.6033E-01
 0.737    0.5993E-01
 0.738    0.5953E-01
 0.739    0.5914E-01
 0.740    0.5875E-01
 0.741    0.5837E-01
 0.742    0.5798E-01
 0.743    0.5760E-01
 0.744    0.5722E-01
 0.745    0.5684E-01
 0.746    0.5646E-01
 0.747    0.5609E-01
 0.748    0.5571E-01
 0.749    0.5534E-01
 0.750    0.5498E-01
 0.751    0.5461E-01
 0.752    0.5425E-01
 0.753    0.5388E-01
 0.754    0.5353E-01
 0.755    0.5317E-01
 0.756    0.5281E-01
 0.757    0.5246E-01
 0.758    0.5211E-01
 0.759    0.5176E-01
 0.760    0.5142E-01
 0.761    0.5108E-01
 0.762    0.5074E-01
 0.763    0.5040E-01
 0.764    0.5006E-01
 0.765    0.4973E-01
 0.766    0.4940E-01
 0.767    0.4907E-01
 0.768    0.4874E-01
 0.769    0.4841E-01
 0.770    0.4808E-01
 0.771    0.4776E-01
 0.772    0.4744E-01
 0.773    0.4712E-01
 0.774    0.4680E-01
 0.775    0.4649E-01
 0.776    0.4617E-01
 0.777    0.4586E-01
 0.778    0.4555E-01
 0.779    0.4524E-01
 0.780    0.4494E-01
 0.781    0.4463E-01
 0.782    0.4433E-01
 0.783    0.4403E-01
 0.784    0.4373E-01
 0.785    0.4344E-01
 0.786    0.4315E-01
 0.787    0.4285E-01
 0.788    0.4256E-01
 0.789    0.4228E-01
 0.790    0.4199E-01
 0.791    0.4170E-01
 0.792    0.4142E-01
 0.793    0.4114E-01
 0.794    0.4086E-01
 0.795    0.4058E-01
 0.796    0.4030E-01
 0.797    0.4003E-01
 0.798    0.3975E-01
 0.799    0.3948E-01
 0.800    0.3921E-01
 0.801    0.3894E-01
 0.802    0.3867E-01
 0.803    0.3841E-01
 0.804    0.3815E-01
 0.805    0.3789E-01
 0.806    0.3763E-01
 0.807    0.3737E-01
 0.808    0.3711E-01
 0.809    0.3686E-01
 0.810    0.3661E-01
 0.811    0.3636E-01
 0.812    0.3611E-01
 0.813    0.3587E-01
 0.814    0.3562E-01
 0.815    0.3538E-01
 0.816    0.3513E-01
 0.817    0.3489E-01
 0.818    0.3465E-01
 0.819    0.3441E-01
 0.820    0.3418E-01
 0.821    0.3394E-01
 0.822    0.3371E-01
 0.823    0.3347E-01
 0.824    0.3324E-01
 0.825    0.3301E-01
 0.826    0.3278E-01
 0.827    0.3256E-01
 0.828    0.3233E-01
 0.829    0.3211E-01
 0.830    0.3189E-01
 0.831    0.3167E-01
 0.832    0.3145E-01
 0.833    0.3123E-01
 0.834    0.3101E-01
 0.835    0.3080E-01
 0.836    0.3059E-01
 0.837    0.3037E-01
 0.838    0.3016E-01
 0.839    0.2995E-01
 0.840    0.2974E-01
 0.841    0.2953E-01
 0.842    0.2933E-01
 0.843    0.2912E-01
 0.844    0.2892E-01
 0.845    0.2871E-01
 0.846    0.2851E-01
 0.847    0.2831E-01
 0.848    0.2811E-01
 0.849    0.2791E-01
 0.850    0.2772E-01
 0.851    0.2752E-01
 0.852    0.2733E-01
 0.853    0.2713E-01
 0.854    0.2694E-01
 0.855    0.2675E-01
 0.856    0.2656E-01
 0.857    0.2638E-01
 0.858    0.2619E-01
 0.859    0.2601E-01
 0.860    0.2583E-01
 0.861    0.2565E-01
 0.862    0.2546E-01
 0.863    0.2529E-01
 0.864    0.2511E-01
 0.865    0.2493E-01
 0.866    0.2475E-01
 0.867    0.2458E-01
 0.868    0.2440E-01
 0.869    0.2423E-01
 0.870    0.2406E-01
 0.871    0.2389E-01
 0.872    0.2372E-01
 0.873    0.2355E-01
 0.874    0.2338E-01
 0.875    0.2322E-01
 0.876    0.2305E-01
 0.877    0.2289E-01
 0.878    0.2272E-01
 0.879    0.2256E-01
 0.880    0.2240E-01
 0.881    0.2224E-01
 0.882    0.2208E-01
 0.883    0.2193E-01
 0.884    0.2177E-01
 0.885    0.2162E-01
 0.886    0.2146E-01
 0.887    0.2131E-01
 0.888    0.2116E-01
 0.889    0.2101E-01
 0.890    0.2086E-01
 0.891    0.2071E-01
 0.892    0.2056E-01
 0.893    0.2041E-01
 0.894    0.2026E-01
 0.895    0.2012E-01
 0.896    0.1997E-01
 0.897    0.1983E-01
 0.898    0.1968E-01
 0.899    0.1954E-01
 0.900    0.1940E-01
 0.901    0.1926E-01
 0.902    0.1912E-01
 0.903    0.1898E-01
 0.904    0.1884E-01
 0.905    0.1870E-01
 0.906    0.1857E-01
 0.907    0.1843E-01
 0.908    0.1830E-01
 0.909    0.1817E-01
 0.910    0.1804E-01
 0.911    0.1791E-01
 0.912    0.1778E-01
 0.913    0.1765E-01
 0.914    0.1752E-01
 0.915    0.1739E-01
 0.916    0.1727E-01
 0.917    0.1714E-01
 0.918    0.1702E-01
 0.919    0.1689E-01
 0.920    0.1677E-01
 0.921    0.1665E-01
 0.922    0.1653E-01
 0.923    0.1641E-01
 0.924    0.1629E-01
 0.925    0.1617E-01
 0.926    0.1605E-01
 0.927    0.1593E-01
 0.928    0.1581E-01
 0.929    0.1570E-01
 0.930    0.1558E-01
 0.931    0.1547E-01
 0.932    0.1535E-01
 0.933    0.1524E-01
 0.934    0.1513E-01
 0.935    0.1502E-01
 0.936    0.1491E-01
 0.937    0.1480E-01
 0.938    0.1469E-01
 0.939    0.1458E-01
 0.940    0.1447E-01
 0.941    0.1437E-01
 0.942    0.1426E-01
 0.943    0.1416E-01
 0.944    0.1405E-01
 0.945    0.1395E-01
 0.946    0.1385E-01
 0.947    0.1374E-01
 0.948    0.1364E-01
 0.949    0.1354E-01
 0.950    0.1344E-01
 0.951    0.1334E-01
 0.952    0.1324E-01
 0.953    0.1314E-01
 0.954    0.1304E-01
 0.955    0.1294E-01
 0.956    0.1285E-01
 0.957    0.1275E-01
 0.958    0.1266E-01
 0.959    0.1256E-01
 0.960    0.1247E-01
 0.961    0.1237E-01
 0.962    0.1228E-01
 0.963    0.1219E-01
 0.964    0.1210E-01
 0.965    0.1201E-01
 0.966    0.1192E-01
 0.967    0.1183E-01
 0.968    0.1174E-01
 0.969    0.1165E-01
 0.970    0.1156E-01
 0.971    0.1148E-01
 0.972    0.1139E-01
 0.973    0.1131E-01
 0.974    0.1122E-01
 0.975    0.1114E-01
 0.976    0.1105E-01
 0.977    0.1097E-01
 0.978    0.1089E-01
 0.979    0.1081E-01
 0.980    0.1072E-01
 0.981    0.1064E-01
 0.982    0.1056E-01
 0.983    0.1048E-01
 0.984    0.1040E-01
 0.985    0.1032E-01
 0.986    0.1024E-01
 0.987    0.1017E-01
 0.988    0.1009E-01
 0.989    0.1001E-01
 0.990    0.9936E-02
 0.991    0.9861E-02
 0.992    0.9786E-02
 0.993    0.9712E-02
 0.994    0.9638E-02
 0.995    0.9565E-02
 0.996    0.9492E-02
 0.997    0.9421E-02
 0.998    0.9350E-02
 0.999    0.9279E-02
 1.000    0.9209E-02
 1.001    0.9139E-02
 1.002    0.9070E-02
 1.003    0.9001E-02
 1.004    0.8932E-02
 1.005    0.8864E-02
 1.006    0.8796E-02
 1.007    0.8728E-02
 1.008    0.8661E-02
 1.009    0.8594E-02
 1.010    0.8528E-02
 1.011    0.8462E-02
 1.012    0.8397E-02
 1.013    0.8332E-02
 1.014    0.8267E-02
 1.015    0.8203E-02
 1.016    0.8140E-02
 1.017    0.8076E-02
 1.018    0.8014E-02
 1.019    0.7952E-02
 1.020    0.7890E-02
 1.021    0.7829E-02
 1.022    0.7768E-02
 1.023    0.7708E-02
 1.024    0.7649E-02
 1.025    0.7590E-02
 1.026    0.7531E-02
 1.027    0.7473E-02
 1.028    0.7416E-02
 1.029    0.7359E-02
 1.030    0.7303E-02
 1.031    0.7246E-02
 1.032    0.7191E-02
 1.033    0.7135E-02
 1.034    0.7080E-02
 1.035    0.7025E-02
 1.036    0.6970E-02
 1.037    0.6916E-02
 1.038    0.6862E-02
 1.039    0.6808E-02
 1.040    0.6755E-02
 1.041    0.6702E-02
 1.042    0.6650E-02
 1.043    0.6597E-02
 1.044    0.6546E-02
 1.045    0.6494E-02
 1.046    0.6443E-02
 1.047    0.6392E-02
 1.048    0.6342E-02
 1.049    0.6292E-02
 1.050    0.6243E-02
 1.051    0.6194E-02
 1.052    0.6145E-02
 1.053    0.6097E-02
 1.054    0.6049E-02
 1.055    0.6001E-02
 1.056    0.5954E-02
 1.057    0.5908E-02
 1.058    0.5862E-02
 1.059    0.5816E-02
 1.060    0.5771E-02
 1.061    0.5726E-02
 1.062    0.5682E-02
 1.063    0.5637E-02
 1.064    0.5593E-02
 1.065    0.5549E-02
 1.066    0.5506E-02
 1.067    0.5462E-02
 1.068    0.5419E-02
 1.069    0.5376E-02
 1.070    0.5333E-02
 1.071    0.5291E-02
 1.072    0.5249E-02
 1.073    0.5207E-02
 1.074    0.5166E-02
 1.075    0.5124E-02
 1.076    0.5083E-02
 1.077    0.5043E-02
 1.078    0.5002E-02
 1.079    0.4962E-02
 1.080    0.4923E-02
 1.081    0.4883E-02
 1.082    0.4844E-02
 1.083    0.4806E-02
 1.084    0.4767E-02
 1.085    0.4729E-02
 1.086    0.4692E-02
 1.087    0.4654E-02
 1.088    0.4618E-02
 1.089    0.4581E-02
 1.090    0.4545E-02
 1.091    0.4509E-02
 1.092    0.4474E-02
 1.093    0.4439E-02
 1.094    0.4404E-02
 1.095    0.4369E-02
 1.096    0.4335E-02
 1.097    0.4300E-02
 1.098    0.4266E-02
 1.099    0.4232E-02
 1.100    0.4198E-02
 1.101    0.4165E-02
 1.102    0.4132E-02
 1.103    0.4098E-02
 1.104    0.4066E-02
 1.105    0.4033E-02
 1.106    0.4000E-02
 1.107    0.3968E-02
 1.108    0.3936E-02
 1.109    0.3904E-02
 1.110    0.3873E-02
 1.111    0.3841E-02
 1.112    0.3810E-02
 1.113    0.3780E-02
 1.114    0.3749E-02
 1.115    0.3719E-02
 1.116    0.3689E-02
 1.117    0.3659E-02
 1.118    0.3630E-02
 1.119    0.3600E-02
 1.120    0.3572E-02
 1.121    0.3543E-02
 1.122    0.3515E-02
 1.123    0.3487E-02
 1.124    0.3459E-02
 1.125    0.3431E-02
 1.126    0.3404E-02
 1.127    0.3377E-02
 1.128    0.3350E-02
 1.129    0.3324E-02
 1.130    0.3297E-02
 1.131    0.3270E-02
 1.132    0.3244E-02
 1.133    0.3218E-02
 1.134    0.3192E-02
 1.135    0.3166E-02
 1.136    0.3140E-02
 1.137    0.3115E-02
 1.138    0.3089E-02
 1.139    0.3064E-02
 1.140    0.3039E-02
 1.141    0.3014E-02
 1.142    0.2989E-02
 1.143    0.2965E-02
 1.144    0.2940E-02
 1.145    0.2916E-02
 1.146    0.2892E-02
 1.147    0.2868E-02
 1.148    0.2845E-02
 1.149    0.2821E-02
 1.150    0.2798E-02
 1.151    0.2775E-02
 1.152    0.2752E-02
 1.153    0.2730E-02
 1.154    0.2707E-02
 1.155    0.2685E-02
 1.156    0.2663E-02
 1.157    0.2641E-02
 1.158    0.2620E-02
 1.159    0.2599E-02
 1.160    0.2578E-02
 1.161    0.2557E-02
 1.162    0.2536E-02
 1.163    0.2515E-02
 1.164    0.2495E-02
 1.165    0.2474E-02
 1.166    0.2454E-02
 1.167    0.2434E-02
 1.168    0.2413E-02
 1.169    0.2393E-02
 1.170    0.2374E-02
 1.171    0.2354E-02
 1.172    0.2334E-02
 1.173    0.2315E-02
 1.174    0.2295E-02
 1.175    0.2276E-02
 1.176    0.2257E-02
 1.177    0.2238E-02
 1.178    0.2219E-02
 1.179    0.2200E-02
 1.180    0.2182E-02
 1.181    0.2164E-02
 1.182    0.2145E-02
 1.183    0.2127E-02
 1.184    0.2109E-02
 1.185    0.2092E-02
 1.186    0.2074E-02
 1.187    0.2057E-02
 1.188    0.2040E-02
 1.189    0.2023E-02
 1.190    0.2006E-02
 1.191    0.1989E-02
 1.192    0.1973E-02
 1.193    0.1957E-02
 1.194    0.1941E-02
 1.195    0.1925E-02
 1.196    0.1909E-02
 1.197    0.1894E-02
 1.198    0.1878E-02
 1.199    0.1863E-02
 1.200    0.1847E-02
 1.201    0.1832E-02
 1.202    0.1817E-02
 1.203    0.1802E-02
 1.204    0.1787E-02
 1.205    0.1772E-02
 1.206    0.1757E-02
 1.207    0.1742E-02
 1.208    0.1728E-02
 1.209    0.1713E-02
 1.210    0.1699E-02
 1.211    0.1684E-02
 1.212    0.1670E-02
 1.213    0.1656E-02
 1.214    0.1642E-02
 1.215    0.1628E-02
 1.216    0.1615E-02
 1.217    0.1601E-02
 1.218    0.1588E-02
 1.219    0.1574E-02
 1.220    0.1561E-02
 1.221    0.1548E-02
 1.222    0.1535E-02
 1.223    0.1522E-02
 1.224    0.1509E-02
 1.225    0.1497E-02
 1.226    0.1484E-02
 1.227    0.1472E-02
 1.228    0.1460E-02
 1.229    0.1448E-02
 1.230    0.1436E-02
 1.231    0.1424E-02
 1.232    0.1412E-02
 1.233    0.1401E-02
 1.234    0.1389E-02
 1.235    0.1377E-02
 1.236    0.1366E-02
 1.237    0.1355E-02
 1.238    0.1343E-02
 1.239    0.1332E-02
 1.240    0.1321E-02
 1.241    0.1309E-02
 1.242    0.1298E-02
 1.243    0.1287E-02
 1.244    0.1276E-02
 1.245    0.1265E-02
 1.246    0.1255E-02
 1.247    0.1244E-02
 1.248    0.1233E-02
 1.249    0.1223E-02
 1.250    0.1212E-02
 1.251    0.1202E-02
 1.252    0.1191E-02
 1.253    0.1181E-02
 1.254    0.1171E-02
 1.255    0.1161E-02
 1.256    0.1151E-02
 1.257    0.1141E-02
 1.258    0.1131E-02
 1.259    0.1121E-02
 1.260    0.1112E-02
 1.261    0.1102E-02
 1.262    0.1093E-02
 1.263    0.1084E-02
 1.264    0.1074E-02
 1.265    0.1065E-02
 1.266    0.1056E-02
 1.267    0.1048E-02
 1.268    0.1039E-02
 1.269    0.1030E-02
 1.270    0.1022E-02
 1.271    0.1013E-02
 1.272    0.1004E-02
