 0.001    0.8089E+00
 0.002    0.8680E+00
 0.003    0.8971E+00
 0.004    0.9090E+00
 0.005    0.9172E+00
 0.006    0.9246E+00
 0.007    0.9307E+00
 0.008    0.9362E+00
 0.009    0.9412E+00
 0.010    0.9459E+00
 0.011    0.9501E+00
 0.012    0.9542E+00
 0.013    0.9581E+00
 0.014    0.9619E+00
 0.015    0.9656E+00
 0.016    0.9689E+00
 0.017    0.9721E+00
 0.018    0.9752E+00
 0.019    0.9784E+00
 0.020    0.9815E+00
 0.021    0.9845E+00
 0.022    0.9875E+00
 0.023    0.9904E+00
 0.024    0.9931E+00
 0.025    0.9956E+00
 0.026    0.9983E+00
 0.027    0.1001E+01
 0.028    0.1003E+01
 0.029    0.1006E+01
 0.030    0.1008E+01
 0.031    0.1011E+01
 0.032    0.1013E+01
 0.033    0.1016E+01
 0.034    0.1018E+01
 0.035    0.1020E+01
 0.036    0.1022E+01
 0.037    0.1024E+01
 0.038    0.1026E+01
 0.039    0.1029E+01
 0.040    0.1031E+01
 0.041    0.1033E+01
 0.042    0.1034E+01
 0.043    0.1036E+01
 0.044    0.1038E+01
 0.045    0.1040E+01
 0.046    0.1042E+01
 0.047    0.1044E+01
 0.048    0.1045E+01
 0.049    0.1047E+01
 0.050    0.1049E+01
 0.051    0.1051E+01
 0.052    0.1052E+01
 0.053    0.1054E+01
 0.054    0.1056E+01
 0.055    0.1057E+01
 0.056    0.1059E+01
 0.057    0.1060E+01
 0.058    0.1061E+01
 0.059    0.1062E+01
 0.060    0.1063E+01
 0.061    0.1065E+01
 0.062    0.1066E+01
 0.063    0.1067E+01
 0.064    0.1069E+01
 0.065    0.1070E+01
 0.066    0.1071E+01
 0.067    0.1072E+01
 0.068    0.1073E+01
 0.069    0.1074E+01
 0.070    0.1075E+01
 0.071    0.1076E+01
 0.072    0.1077E+01
 0.073    0.1078E+01
 0.074    0.1079E+01
 0.075    0.1079E+01
 0.076    0.1080E+01
 0.077    0.1081E+01
 0.078    0.1081E+01
 0.079    0.1082E+01
 0.080    0.1083E+01
 0.081    0.1083E+01
 0.082    0.1084E+01
 0.083    0.1084E+01
 0.084    0.1085E+01
 0.085    0.1085E+01
 0.086    0.1085E+01
 0.087    0.1085E+01
 0.088    0.1086E+01
 0.089    0.1086E+01
 0.090    0.1087E+01
 0.091    0.1087E+01
 0.092    0.1087E+01
 0.093    0.1087E+01
 0.094    0.1087E+01
 0.095    0.1087E+01
 0.096    0.1087E+01
 0.097    0.1087E+01
 0.098    0.1087E+01
 0.099    0.1087E+01
 0.100    0.1087E+01
 0.101    0.1087E+01
 0.102    0.1087E+01
 0.103    0.1087E+01
 0.104    0.1087E+01
 0.105    0.1087E+01
 0.106    0.1086E+01
 0.107    0.1086E+01
 0.108    0.1085E+01
 0.109    0.1085E+01
 0.110    0.1084E+01
 0.111    0.1084E+01
 0.112    0.1083E+01
 0.113    0.1083E+01
 0.114    0.1082E+01
 0.115    0.1082E+01
 0.116    0.1081E+01
 0.117    0.1081E+01
 0.118    0.1080E+01
 0.119    0.1079E+01
 0.120    0.1078E+01
 0.121    0.1078E+01
 0.122    0.1077E+01
 0.123    0.1076E+01
 0.124    0.1075E+01
 0.125    0.1074E+01
 0.126    0.1073E+01
 0.127    0.1072E+01
 0.128    0.1071E+01
 0.129    0.1070E+01
 0.130    0.1069E+01
 0.131    0.1068E+01
 0.132    0.1067E+01
 0.133    0.1066E+01
 0.134    0.1064E+01
 0.135    0.1063E+01
 0.136    0.1062E+01
 0.137    0.1061E+01
 0.138    0.1059E+01
 0.139    0.1058E+01
 0.140    0.1056E+01
 0.141    0.1055E+01
 0.142    0.1054E+01
 0.143    0.1052E+01
 0.144    0.1051E+01
 0.145    0.1049E+01
 0.146    0.1048E+01
 0.147    0.1046E+01
 0.148    0.1044E+01
 0.149    0.1043E+01
 0.150    0.1041E+01
 0.151    0.1039E+01
 0.152    0.1037E+01
 0.153    0.1035E+01
 0.154    0.1033E+01
 0.155    0.1031E+01
 0.156    0.1030E+01
 0.157    0.1028E+01
 0.158    0.1025E+01
 0.159    0.1023E+01
 0.160    0.1021E+01
 0.161    0.1020E+01
 0.162    0.1018E+01
 0.163    0.1015E+01
 0.164    0.1013E+01
 0.165    0.1011E+01
 0.166    0.1008E+01
 0.167    0.1006E+01
 0.168    0.1004E+01
 0.169    0.1001E+01
 0.170    0.9991E+00
 0.171    0.9967E+00
 0.172    0.9944E+00
 0.173    0.9921E+00
 0.174    0.9895E+00
 0.175    0.9868E+00
 0.176    0.9844E+00
 0.177    0.9819E+00
 0.178    0.9793E+00
 0.179    0.9766E+00
 0.180    0.9739E+00
 0.181    0.9713E+00
 0.182    0.9686E+00
 0.183    0.9658E+00
 0.184    0.9631E+00
 0.185    0.9603E+00
 0.186    0.9574E+00
 0.187    0.9547E+00
 0.188    0.9519E+00
 0.189    0.9490E+00
 0.190    0.9461E+00
 0.191    0.9432E+00
 0.192    0.9403E+00
 0.193    0.9373E+00
 0.194    0.9343E+00
 0.195    0.9312E+00
 0.196    0.9281E+00
 0.197    0.9251E+00
 0.198    0.9221E+00
 0.199    0.9190E+00
 0.200    0.9158E+00
 0.201    0.9127E+00
 0.202    0.9095E+00
 0.203    0.9064E+00
 0.204    0.9032E+00
 0.205    0.8999E+00
 0.206    0.8967E+00
 0.207    0.8935E+00
 0.208    0.8903E+00
 0.209    0.8872E+00
 0.210    0.8839E+00
 0.211    0.8806E+00
 0.212    0.8772E+00
 0.213    0.8739E+00
 0.214    0.8707E+00
 0.215    0.8674E+00
 0.216    0.8641E+00
 0.217    0.8608E+00
 0.218    0.8575E+00
 0.219    0.8542E+00
 0.220    0.8509E+00
 0.221    0.8475E+00
 0.222    0.8442E+00
 0.223    0.8407E+00
 0.224    0.8373E+00
 0.225    0.8340E+00
 0.226    0.8307E+00
 0.227    0.8274E+00
 0.228    0.8240E+00
 0.229    0.8207E+00
 0.230    0.8173E+00
 0.231    0.8138E+00
 0.232    0.8104E+00
 0.233    0.8071E+00
 0.234    0.8038E+00
 0.235    0.8005E+00
 0.236    0.7971E+00
 0.237    0.7936E+00
 0.238    0.7903E+00
 0.239    0.7869E+00
 0.240    0.7836E+00
 0.241    0.7802E+00
 0.242    0.7769E+00
 0.243    0.7735E+00
 0.244    0.7702E+00
 0.245    0.7669E+00
 0.246    0.7637E+00
 0.247    0.7604E+00
 0.248    0.7570E+00
 0.249    0.7537E+00
 0.250    0.7504E+00
 0.251    0.7472E+00
 0.252    0.7440E+00
 0.253    0.7408E+00
 0.254    0.7375E+00
 0.255    0.7342E+00
 0.256    0.7309E+00
 0.257    0.7276E+00
 0.258    0.7244E+00
 0.259    0.7214E+00
 0.260    0.7182E+00
 0.261    0.7151E+00
 0.262    0.7119E+00
 0.263    0.7088E+00
 0.264    0.7056E+00
 0.265    0.7025E+00
 0.266    0.6994E+00
 0.267    0.6963E+00
 0.268    0.6933E+00
 0.269    0.6903E+00
 0.270    0.6872E+00
 0.271    0.6841E+00
 0.272    0.6811E+00
 0.273    0.6781E+00
 0.274    0.6753E+00
 0.275    0.6723E+00
 0.276    0.6693E+00
 0.277    0.6663E+00
 0.278    0.6634E+00
 0.279    0.6605E+00
 0.280    0.6575E+00
 0.281    0.6547E+00
 0.282    0.6519E+00
 0.283    0.6491E+00
 0.284    0.6463E+00
 0.285    0.6434E+00
 0.286    0.6405E+00
 0.287    0.6378E+00
 0.288    0.6350E+00
 0.289    0.6323E+00
 0.290    0.6296E+00
 0.291    0.6269E+00
 0.292    0.6242E+00
 0.293    0.6215E+00
 0.294    0.6188E+00
 0.295    0.6162E+00
 0.296    0.6135E+00
 0.297    0.6109E+00
 0.298    0.6083E+00
 0.299    0.6058E+00
 0.300    0.6031E+00
 0.301    0.6005E+00
 0.302    0.5980E+00
 0.303    0.5956E+00
 0.304    0.5930E+00
 0.305    0.5905E+00
 0.306    0.5881E+00
 0.307    0.5856E+00
 0.308    0.5830E+00
 0.309    0.5806E+00
 0.310    0.5782E+00
 0.311    0.5758E+00
 0.312    0.5734E+00
 0.313    0.5710E+00
 0.314    0.5687E+00
 0.315    0.5663E+00
 0.316    0.5640E+00
 0.317    0.5616E+00
 0.318    0.5593E+00
 0.319    0.5570E+00
 0.320    0.5547E+00
 0.321    0.5524E+00
 0.322    0.5501E+00
 0.323    0.5479E+00
 0.324    0.5456E+00
 0.325    0.5434E+00
 0.326    0.5412E+00
 0.327    0.5390E+00
 0.328    0.5368E+00
 0.329    0.5346E+00
 0.330    0.5323E+00
 0.331    0.5301E+00
 0.332    0.5280E+00
 0.333    0.5259E+00
 0.334    0.5237E+00
 0.335    0.5216E+00
 0.336    0.5194E+00
 0.337    0.5173E+00
 0.338    0.5151E+00
 0.339    0.5130E+00
 0.340    0.5109E+00
 0.341    0.5088E+00
 0.342    0.5067E+00
 0.343    0.5045E+00
 0.344    0.5024E+00
 0.345    0.5002E+00
 0.346    0.4981E+00
 0.347    0.4966E+00
 0.348    0.4956E+00
 0.349    0.4949E+00
 0.350    0.4941E+00
 0.351    0.4929E+00
 0.352    0.4912E+00
 0.353    0.4894E+00
 0.354    0.4875E+00
 0.355    0.4855E+00
 0.356    0.4836E+00
 0.357    0.4817E+00
 0.358    0.4797E+00
 0.359    0.4778E+00
 0.360    0.4759E+00
 0.361    0.4740E+00
 0.362    0.4722E+00
 0.363    0.4704E+00
 0.364    0.4686E+00
 0.365    0.4668E+00
 0.366    0.4650E+00
 0.367    0.4632E+00
 0.368    0.4614E+00
 0.369    0.4596E+00
 0.370    0.4578E+00
 0.371    0.4560E+00
 0.372    0.4542E+00
 0.373    0.4525E+00
 0.374    0.4508E+00
 0.375    0.4490E+00
 0.376    0.4473E+00
 0.377    0.4456E+00
 0.378    0.4439E+00
 0.379    0.4422E+00
 0.380    0.4405E+00
 0.381    0.4389E+00
 0.382    0.4372E+00
 0.383    0.4355E+00
 0.384    0.4339E+00
 0.385    0.4322E+00
 0.386    0.4306E+00
 0.387    0.4290E+00
 0.388    0.4274E+00
 0.389    0.4257E+00
 0.390    0.4241E+00
 0.391    0.4225E+00
 0.392    0.4210E+00
 0.393    0.4194E+00
 0.394    0.4178E+00
 0.395    0.4163E+00
 0.396    0.4147E+00
 0.397    0.4132E+00
 0.398    0.4117E+00
 0.399    0.4101E+00
 0.400    0.4086E+00
 0.401    0.4071E+00
 0.402    0.4056E+00
 0.403    0.4041E+00
 0.404    0.4026E+00
 0.405    0.4011E+00
 0.406    0.3997E+00
 0.407    0.3982E+00
 0.408    0.3967E+00
 0.409    0.3953E+00
 0.410    0.3938E+00
 0.411    0.3924E+00
 0.412    0.3909E+00
 0.413    0.3895E+00
 0.414    0.3881E+00
 0.415    0.3867E+00
 0.416    0.3853E+00
 0.417    0.3838E+00
 0.418    0.3825E+00
 0.419    0.3811E+00
 0.420    0.3797E+00
 0.421    0.3783E+00
 0.422    0.3769E+00
 0.423    0.3755E+00
 0.424    0.3742E+00
 0.425    0.3728E+00
 0.426    0.3715E+00
 0.427    0.3701E+00
 0.428    0.3688E+00
 0.429    0.3675E+00
 0.430    0.3661E+00
 0.431    0.3648E+00
 0.432    0.3635E+00
 0.433    0.3622E+00
 0.434    0.3609E+00
 0.435    0.3595E+00
 0.436    0.3582E+00
 0.437    0.3569E+00
 0.438    0.3556E+00
 0.439    0.3544E+00
 0.440    0.3531E+00
 0.441    0.3518E+00
 0.442    0.3505E+00
 0.443    0.3493E+00
 0.444    0.3480E+00
 0.445    0.3467E+00
 0.446    0.3455E+00
 0.447    0.3442E+00
 0.448    0.3430E+00
 0.449    0.3417E+00
 0.450    0.3405E+00
 0.451    0.3392E+00
 0.452    0.3380E+00
 0.453    0.3368E+00
 0.454    0.3355E+00
 0.455    0.3343E+00
 0.456    0.3331E+00
 0.457    0.3319E+00
 0.458    0.3306E+00
 0.459    0.3294E+00
 0.460    0.3282E+00
 0.461    0.3270E+00
 0.462    0.3258E+00
 0.463    0.3246E+00
 0.464    0.3234E+00
 0.465    0.3222E+00
 0.466    0.3210E+00
 0.467    0.3198E+00
 0.468    0.3187E+00
 0.469    0.3175E+00
 0.470    0.3163E+00
 0.471    0.3151E+00
 0.472    0.3139E+00
 0.473    0.3128E+00
 0.474    0.3116E+00
 0.475    0.3104E+00
 0.476    0.3093E+00
 0.477    0.3081E+00
 0.478    0.3069E+00
 0.479    0.3058E+00
 0.480    0.3046E+00
 0.481    0.3035E+00
 0.482    0.3024E+00
 0.483    0.3012E+00
 0.484    0.3001E+00
 0.485    0.2989E+00
 0.486    0.2978E+00
 0.487    0.2967E+00
 0.488    0.2955E+00
 0.489    0.2944E+00
 0.490    0.2933E+00
 0.491    0.2922E+00
 0.492    0.2910E+00
 0.493    0.2899E+00
 0.494    0.2888E+00
 0.495    0.2877E+00
 0.496    0.2866E+00
 0.497    0.2855E+00
 0.498    0.2844E+00
 0.499    0.2833E+00
 0.500    0.2821E+00
 0.501    0.2810E+00
 0.502    0.2799E+00
 0.503    0.2788E+00
 0.504    0.2777E+00
 0.505    0.2767E+00
 0.506    0.2756E+00
 0.507    0.2745E+00
 0.508    0.2734E+00
 0.509    0.2723E+00
 0.510    0.2712E+00
 0.511    0.2701E+00
 0.512    0.2691E+00
 0.513    0.2680E+00
 0.514    0.2669E+00
 0.515    0.2659E+00
 0.516    0.2648E+00
 0.517    0.2637E+00
 0.518    0.2627E+00
 0.519    0.2616E+00
 0.520    0.2606E+00
 0.521    0.2595E+00
 0.522    0.2585E+00
 0.523    0.2574E+00
 0.524    0.2564E+00
 0.525    0.2553E+00
 0.526    0.2543E+00
 0.527    0.2532E+00
 0.528    0.2522E+00
 0.529    0.2511E+00
 0.530    0.2501E+00
 0.531    0.2491E+00
 0.532    0.2480E+00
 0.533    0.2470E+00
 0.534    0.2460E+00
 0.535    0.2449E+00
 0.536    0.2439E+00
 0.537    0.2429E+00
 0.538    0.2419E+00
 0.539    0.2408E+00
 0.540    0.2398E+00
 0.541    0.2388E+00
 0.542    0.2378E+00
 0.543    0.2368E+00
 0.544    0.2357E+00
 0.545    0.2347E+00
 0.546    0.2337E+00
 0.547    0.2327E+00
 0.548    0.2317E+00
 0.549    0.2307E+00
 0.550    0.2297E+00
 0.551    0.2287E+00
 0.552    0.2277E+00
 0.553    0.2266E+00
 0.554    0.2256E+00
 0.555    0.2246E+00
 0.556    0.2237E+00
 0.557    0.2227E+00
 0.558    0.2217E+00
 0.559    0.2207E+00
 0.560    0.2197E+00
 0.561    0.2187E+00
 0.562    0.2177E+00
 0.563    0.2168E+00
 0.564    0.2158E+00
 0.565    0.2148E+00
 0.566    0.2138E+00
 0.567    0.2129E+00
 0.568    0.2119E+00
 0.569    0.2109E+00
 0.570    0.2100E+00
 0.571    0.2090E+00
 0.572    0.2081E+00
 0.573    0.2071E+00
 0.574    0.2062E+00
 0.575    0.2052E+00
 0.576    0.2043E+00
 0.577    0.2033E+00
 0.578    0.2024E+00
 0.579    0.2014E+00
 0.580    0.2005E+00
 0.581    0.1996E+00
 0.582    0.1986E+00
 0.583    0.1977E+00
 0.584    0.1968E+00
 0.585    0.1959E+00
 0.586    0.1949E+00
 0.587    0.1940E+00
 0.588    0.1931E+00
 0.589    0.1922E+00
 0.590    0.1913E+00
 0.591    0.1904E+00
 0.592    0.1895E+00
 0.593    0.1886E+00
 0.594    0.1877E+00
 0.595    0.1868E+00
 0.596    0.1859E+00
 0.597    0.1850E+00
 0.598    0.1841E+00
 0.599    0.1832E+00
 0.600    0.1824E+00
 0.601    0.1815E+00
 0.602    0.1806E+00
 0.603    0.1797E+00
 0.604    0.1789E+00
 0.605    0.1780E+00
 0.606    0.1771E+00
 0.607    0.1763E+00
 0.608    0.1754E+00
 0.609    0.1746E+00
 0.610    0.1737E+00
 0.611    0.1729E+00
 0.612    0.1720E+00
 0.613    0.1712E+00
 0.614    0.1704E+00
 0.615    0.1695E+00
 0.616    0.1687E+00
 0.617    0.1679E+00
 0.618    0.1671E+00
 0.619    0.1662E+00
 0.620    0.1654E+00
 0.621    0.1646E+00
 0.622    0.1638E+00
 0.623    0.1630E+00
 0.624    0.1622E+00
 0.625    0.1614E+00
 0.626    0.1606E+00
 0.627    0.1598E+00
 0.628    0.1590E+00
 0.629    0.1582E+00
 0.630    0.1574E+00
 0.631    0.1566E+00
 0.632    0.1558E+00
 0.633    0.1551E+00
 0.634    0.1543E+00
 0.635    0.1535E+00
 0.636    0.1528E+00
 0.637    0.1520E+00
 0.638    0.1512E+00
 0.639    0.1505E+00
 0.640    0.1497E+00
 0.641    0.1490E+00
 0.642    0.1482E+00
 0.643    0.1475E+00
 0.644    0.1467E+00
 0.645    0.1460E+00
 0.646    0.1452E+00
 0.647    0.1445E+00
 0.648    0.1438E+00
 0.649    0.1430E+00
 0.650    0.1423E+00
 0.651    0.1416E+00
 0.652    0.1409E+00
 0.653    0.1402E+00
 0.654    0.1395E+00
 0.655    0.1388E+00
 0.656    0.1380E+00
 0.657    0.1373E+00
 0.658    0.1366E+00
 0.659    0.1359E+00
 0.660    0.1353E+00
 0.661    0.1346E+00
 0.662    0.1339E+00
 0.663    0.1332E+00
 0.664    0.1325E+00
 0.665    0.1318E+00
 0.666    0.1312E+00
 0.667    0.1305E+00
 0.668    0.1298E+00
 0.669    0.1291E+00
 0.670    0.1285E+00
 0.671    0.1278E+00
 0.672    0.1272E+00
 0.673    0.1265E+00
 0.674    0.1258E+00
 0.675    0.1252E+00
 0.676    0.1246E+00
 0.677    0.1239E+00
 0.678    0.1233E+00
 0.679    0.1226E+00
 0.680    0.1220E+00
 0.681    0.1214E+00
 0.682    0.1207E+00
 0.683    0.1201E+00
 0.684    0.1195E+00
 0.685    0.1188E+00
 0.686    0.1182E+00
 0.687    0.1176E+00
 0.688    0.1170E+00
 0.689    0.1164E+00
 0.690    0.1158E+00
 0.691    0.1152E+00
 0.692    0.1146E+00
 0.693    0.1140E+00
 0.694    0.1134E+00
 0.695    0.1128E+00
 0.696    0.1122E+00
 0.697    0.1116E+00
 0.698    0.1110E+00
 0.699    0.1104E+00
 0.700    0.1099E+00
 0.701    0.1093E+00
 0.702    0.1087E+00
 0.703    0.1081E+00
 0.704    0.1076E+00
 0.705    0.1070E+00
 0.706    0.1064E+00
 0.707    0.1059E+00
 0.708    0.1053E+00
 0.709    0.1048E+00
 0.710    0.1042E+00
 0.711    0.1037E+00
 0.712    0.1031E+00
 0.713    0.1026E+00
 0.714    0.1020E+00
 0.715    0.1015E+00
 0.716    0.1009E+00
 0.717    0.1004E+00
 0.718    0.9987E-01
 0.719    0.9934E-01
 0.720    0.9881E-01
 0.721    0.9829E-01
 0.722    0.9776E-01
 0.723    0.9724E-01
 0.724    0.9672E-01
 0.725    0.9620E-01
 0.726    0.9569E-01
 0.727    0.9518E-01
 0.728    0.9467E-01
 0.729    0.9416E-01
 0.730    0.9365E-01
 0.731    0.9315E-01
 0.732    0.9265E-01
 0.733    0.9216E-01
 0.734    0.9166E-01
 0.735    0.9117E-01
 0.736    0.9068E-01
 0.737    0.9019E-01
 0.738    0.8971E-01
 0.739    0.8923E-01
 0.740    0.8875E-01
 0.741    0.8827E-01
 0.742    0.8779E-01
 0.743    0.8732E-01
 0.744    0.8685E-01
 0.745    0.8638E-01
 0.746    0.8591E-01
 0.747    0.8545E-01
 0.748    0.8498E-01
 0.749    0.8452E-01
 0.750    0.8407E-01
 0.751    0.8361E-01
 0.752    0.8316E-01
 0.753    0.8271E-01
 0.754    0.8226E-01
 0.755    0.8181E-01
 0.756    0.8137E-01
 0.757    0.8093E-01
 0.758    0.8049E-01
 0.759    0.8005E-01
 0.760    0.7961E-01
 0.761    0.7918E-01
 0.762    0.7875E-01
 0.763    0.7832E-01
 0.764    0.7789E-01
 0.765    0.7747E-01
 0.766    0.7704E-01
 0.767    0.7662E-01
 0.768    0.7620E-01
 0.769    0.7578E-01
 0.770    0.7537E-01
 0.771    0.7495E-01
 0.772    0.7454E-01
 0.773    0.7413E-01
 0.774    0.7372E-01
 0.775    0.7332E-01
 0.776    0.7292E-01
 0.777    0.7251E-01
 0.778    0.7212E-01
 0.779    0.7172E-01
 0.780    0.7132E-01
 0.781    0.7093E-01
 0.782    0.7054E-01
 0.783    0.7015E-01
 0.784    0.6976E-01
 0.785    0.6938E-01
 0.786    0.6899E-01
 0.787    0.6861E-01
 0.788    0.6823E-01
 0.789    0.6785E-01
 0.790    0.6747E-01
 0.791    0.6710E-01
 0.792    0.6672E-01
 0.793    0.6635E-01
 0.794    0.6598E-01
 0.795    0.6561E-01
 0.796    0.6525E-01
 0.797    0.6488E-01
 0.798    0.6452E-01
 0.799    0.6416E-01
 0.800    0.6381E-01
 0.801    0.6345E-01
 0.802    0.6310E-01
 0.803    0.6274E-01
 0.804    0.6239E-01
 0.805    0.6204E-01
 0.806    0.6170E-01
 0.807    0.6135E-01
 0.808    0.6101E-01
 0.809    0.6066E-01
 0.810    0.6032E-01
 0.811    0.5998E-01
 0.812    0.5965E-01
 0.813    0.5931E-01
 0.814    0.5898E-01
 0.815    0.5864E-01
 0.816    0.5831E-01
 0.817    0.5798E-01
 0.818    0.5766E-01
 0.819    0.5733E-01
 0.820    0.5701E-01
 0.821    0.5669E-01
 0.822    0.5636E-01
 0.823    0.5605E-01
 0.824    0.5573E-01
 0.825    0.5541E-01
 0.826    0.5510E-01
 0.827    0.5479E-01
 0.828    0.5448E-01
 0.829    0.5417E-01
 0.830    0.5386E-01
 0.831    0.5355E-01
 0.832    0.5325E-01
 0.833    0.5294E-01
 0.834    0.5264E-01
 0.835    0.5234E-01
 0.836    0.5204E-01
 0.837    0.5174E-01
 0.838    0.5145E-01
 0.839    0.5115E-01
 0.840    0.5086E-01
 0.841    0.5057E-01
 0.842    0.5027E-01
 0.843    0.4999E-01
 0.844    0.4970E-01
 0.845    0.4941E-01
 0.846    0.4913E-01
 0.847    0.4885E-01
 0.848    0.4857E-01
 0.849    0.4829E-01
 0.850    0.4801E-01
 0.851    0.4773E-01
 0.852    0.4746E-01
 0.853    0.4718E-01
 0.854    0.4691E-01
 0.855    0.4664E-01
 0.856    0.4637E-01
 0.857    0.4610E-01
 0.858    0.4583E-01
 0.859    0.4557E-01
 0.860    0.4530E-01
 0.861    0.4504E-01
 0.862    0.4478E-01
 0.863    0.4451E-01
 0.864    0.4426E-01
 0.865    0.4400E-01
 0.866    0.4374E-01
 0.867    0.4348E-01
 0.868    0.4323E-01
 0.869    0.4298E-01
 0.870    0.4273E-01
 0.871    0.4248E-01
 0.872    0.4223E-01
 0.873    0.4198E-01
 0.874    0.4174E-01
 0.875    0.4149E-01
 0.876    0.4125E-01
 0.877    0.4101E-01
 0.878    0.4077E-01
 0.879    0.4053E-01
 0.880    0.4029E-01
 0.881    0.4005E-01
 0.882    0.3981E-01
 0.883    0.3958E-01
 0.884    0.3934E-01
 0.885    0.3911E-01
 0.886    0.3888E-01
 0.887    0.3865E-01
 0.888    0.3842E-01
 0.889    0.3819E-01
 0.890    0.3796E-01
 0.891    0.3774E-01
 0.892    0.3751E-01
 0.893    0.3729E-01
 0.894    0.3707E-01
 0.895    0.3685E-01
 0.896    0.3663E-01
 0.897    0.3641E-01
 0.898    0.3620E-01
 0.899    0.3598E-01
 0.900    0.3577E-01
 0.901    0.3555E-01
 0.902    0.3534E-01
 0.903    0.3513E-01
 0.904    0.3492E-01
 0.905    0.3471E-01
 0.906    0.3450E-01
 0.907    0.3429E-01
 0.908    0.3409E-01
 0.909    0.3388E-01
 0.910    0.3368E-01
 0.911    0.3348E-01
 0.912    0.3328E-01
 0.913    0.3307E-01
 0.914    0.3287E-01
 0.915    0.3268E-01
 0.916    0.3248E-01
 0.917    0.3228E-01
 0.918    0.3209E-01
 0.919    0.3189E-01
 0.920    0.3170E-01
 0.921    0.3151E-01
 0.922    0.3132E-01
 0.923    0.3113E-01
 0.924    0.3094E-01
 0.925    0.3076E-01
 0.926    0.3057E-01
 0.927    0.3038E-01
 0.928    0.3020E-01
 0.929    0.3001E-01
 0.930    0.2983E-01
 0.931    0.2965E-01
 0.932    0.2947E-01
 0.933    0.2929E-01
 0.934    0.2911E-01
 0.935    0.2893E-01
 0.936    0.2875E-01
 0.937    0.2858E-01
 0.938    0.2840E-01
 0.939    0.2823E-01
 0.940    0.2805E-01
 0.941    0.2788E-01
 0.942    0.2771E-01
 0.943    0.2754E-01
 0.944    0.2737E-01
 0.945    0.2720E-01
 0.946    0.2704E-01
 0.947    0.2687E-01
 0.948    0.2671E-01
 0.949    0.2654E-01
 0.950    0.2638E-01
 0.951    0.2622E-01
 0.952    0.2606E-01
 0.953    0.2590E-01
 0.954    0.2574E-01
 0.955    0.2558E-01
 0.956    0.2542E-01
 0.957    0.2526E-01
 0.958    0.2511E-01
 0.959    0.2495E-01
 0.960    0.2480E-01
 0.961    0.2464E-01
 0.962    0.2449E-01
 0.963    0.2434E-01
 0.964    0.2419E-01
 0.965    0.2404E-01
 0.966    0.2389E-01
 0.967    0.2374E-01
 0.968    0.2359E-01
 0.969    0.2344E-01
 0.970    0.2330E-01
 0.971    0.2315E-01
 0.972    0.2301E-01
 0.973    0.2286E-01
 0.974    0.2272E-01
 0.975    0.2258E-01
 0.976    0.2244E-01
 0.977    0.2230E-01
 0.978    0.2216E-01
 0.979    0.2202E-01
 0.980    0.2188E-01
 0.981    0.2175E-01
 0.982    0.2161E-01
 0.983    0.2147E-01
 0.984    0.2134E-01
 0.985    0.2121E-01
 0.986    0.2107E-01
 0.987    0.2094E-01
 0.988    0.2081E-01
 0.989    0.2067E-01
 0.990    0.2054E-01
 0.991    0.2041E-01
 0.992    0.2028E-01
 0.993    0.2015E-01
 0.994    0.2003E-01
 0.995    0.1990E-01
 0.996    0.1977E-01
 0.997    0.1965E-01
 0.998    0.1952E-01
 0.999    0.1940E-01
 1.000    0.1927E-01
 1.001    0.1915E-01
 1.002    0.1903E-01
 1.003    0.1891E-01
 1.004    0.1879E-01
 1.005    0.1867E-01
 1.006    0.1855E-01
 1.007    0.1843E-01
 1.008    0.1832E-01
 1.009    0.1820E-01
 1.010    0.1808E-01
 1.011    0.1797E-01
 1.012    0.1785E-01
 1.013    0.1774E-01
 1.014    0.1763E-01
 1.015    0.1751E-01
 1.016    0.1740E-01
 1.017    0.1729E-01
 1.018    0.1718E-01
 1.019    0.1707E-01
 1.020    0.1696E-01
 1.021    0.1685E-01
 1.022    0.1674E-01
 1.023    0.1663E-01
 1.024    0.1652E-01
 1.025    0.1641E-01
 1.026    0.1631E-01
 1.027    0.1620E-01
 1.028    0.1610E-01
 1.029    0.1599E-01
 1.030    0.1589E-01
 1.031    0.1579E-01
 1.032    0.1569E-01
 1.033    0.1559E-01
 1.034    0.1548E-01
 1.035    0.1539E-01
 1.036    0.1529E-01
 1.037    0.1519E-01
 1.038    0.1509E-01
 1.039    0.1499E-01
 1.040    0.1489E-01
 1.041    0.1480E-01
 1.042    0.1470E-01
 1.043    0.1460E-01
 1.044    0.1451E-01
 1.045    0.1441E-01
 1.046    0.1432E-01
 1.047    0.1423E-01
 1.048    0.1413E-01
 1.049    0.1404E-01
 1.050    0.1395E-01
 1.051    0.1385E-01
 1.052    0.1376E-01
 1.053    0.1367E-01
 1.054    0.1358E-01
 1.055    0.1349E-01
 1.056    0.1340E-01
 1.057    0.1332E-01
 1.058    0.1323E-01
 1.059    0.1314E-01
 1.060    0.1306E-01
 1.061    0.1297E-01
 1.062    0.1288E-01
 1.063    0.1280E-01
 1.064    0.1272E-01
 1.065    0.1263E-01
 1.066    0.1255E-01
 1.067    0.1247E-01
 1.068    0.1238E-01
 1.069    0.1230E-01
 1.070    0.1222E-01
 1.071    0.1214E-01
 1.072    0.1206E-01
 1.073    0.1198E-01
 1.074    0.1190E-01
 1.075    0.1182E-01
 1.076    0.1174E-01
 1.077    0.1166E-01
 1.078    0.1158E-01
 1.079    0.1151E-01
 1.080    0.1143E-01
 1.081    0.1135E-01
 1.082    0.1128E-01
 1.083    0.1120E-01
 1.084    0.1113E-01
 1.085    0.1105E-01
 1.086    0.1098E-01
 1.087    0.1090E-01
 1.088    0.1083E-01
 1.089    0.1076E-01
 1.090    0.1069E-01
 1.091    0.1061E-01
 1.092    0.1054E-01
 1.093    0.1047E-01
 1.094    0.1040E-01
 1.095    0.1033E-01
 1.096    0.1026E-01
 1.097    0.1020E-01
 1.098    0.1013E-01
 1.099    0.1006E-01
 1.100    0.9992E-02
 1.101    0.9925E-02
 1.102    0.9858E-02
 1.103    0.9792E-02
 1.104    0.9726E-02
 1.105    0.9660E-02
 1.106    0.9595E-02
 1.107    0.9530E-02
 1.108    0.9465E-02
 1.109    0.9401E-02
 1.110    0.9337E-02
 1.111    0.9273E-02
 1.112    0.9210E-02
 1.113    0.9148E-02
 1.114    0.9085E-02
 1.115    0.9023E-02
 1.116    0.8962E-02
 1.117    0.8901E-02
 1.118    0.8840E-02
 1.119    0.8780E-02
 1.120    0.8720E-02
 1.121    0.8661E-02
 1.122    0.8602E-02
 1.123    0.8544E-02
 1.124    0.8486E-02
 1.125    0.8428E-02
 1.126    0.8371E-02
 1.127    0.8315E-02
 1.128    0.8258E-02
 1.129    0.8202E-02
 1.130    0.8146E-02
 1.131    0.8091E-02
 1.132    0.8035E-02
 1.133    0.7980E-02
 1.134    0.7925E-02
 1.135    0.7871E-02
 1.136    0.7817E-02
 1.137    0.7763E-02
 1.138    0.7709E-02
 1.139    0.7656E-02
 1.140    0.7603E-02
 1.141    0.7550E-02
 1.142    0.7498E-02
 1.143    0.7446E-02
 1.144    0.7394E-02
 1.145    0.7343E-02
 1.146    0.7292E-02
 1.147    0.7241E-02
 1.148    0.7191E-02
 1.149    0.7141E-02
 1.150    0.7091E-02
 1.151    0.7042E-02
 1.152    0.6993E-02
 1.153    0.6944E-02
 1.154    0.6896E-02
 1.155    0.6849E-02
 1.156    0.6801E-02
 1.157    0.6754E-02
 1.158    0.6708E-02
 1.159    0.6662E-02
 1.160    0.6616E-02
 1.161    0.6570E-02
 1.162    0.6525E-02
 1.163    0.6480E-02
 1.164    0.6435E-02
 1.165    0.6390E-02
 1.166    0.6346E-02
 1.167    0.6301E-02
 1.168    0.6257E-02
 1.169    0.6214E-02
 1.170    0.6170E-02
 1.171    0.6127E-02
 1.172    0.6084E-02
 1.173    0.6041E-02
 1.174    0.5999E-02
 1.175    0.5957E-02
 1.176    0.5915E-02
 1.177    0.5873E-02
 1.178    0.5832E-02
 1.179    0.5791E-02
 1.180    0.5750E-02
 1.181    0.5709E-02
 1.182    0.5669E-02
 1.183    0.5629E-02
 1.184    0.5590E-02
 1.185    0.5550E-02
 1.186    0.5511E-02
 1.187    0.5473E-02
 1.188    0.5434E-02
 1.189    0.5396E-02
 1.190    0.5359E-02
 1.191    0.5321E-02
 1.192    0.5284E-02
 1.193    0.5247E-02
 1.194    0.5211E-02
 1.195    0.5174E-02
 1.196    0.5138E-02
 1.197    0.5102E-02
 1.198    0.5066E-02
 1.199    0.5030E-02
 1.200    0.4995E-02
 1.201    0.4959E-02
 1.202    0.4924E-02
 1.203    0.4889E-02
 1.204    0.4854E-02
 1.205    0.4820E-02
 1.206    0.4785E-02
 1.207    0.4751E-02
 1.208    0.4717E-02
 1.209    0.4683E-02
 1.210    0.4650E-02
 1.211    0.4617E-02
 1.212    0.4583E-02
 1.213    0.4551E-02
 1.214    0.4518E-02
 1.215    0.4486E-02
 1.216    0.4453E-02
 1.217    0.4421E-02
 1.218    0.4390E-02
 1.219    0.4358E-02
 1.220    0.4327E-02
 1.221    0.4296E-02
 1.222    0.4266E-02
 1.223    0.4235E-02
 1.224    0.4205E-02
 1.225    0.4175E-02
 1.226    0.4145E-02
 1.227    0.4116E-02
 1.228    0.4087E-02
 1.229    0.4058E-02
 1.230    0.4029E-02
 1.231    0.4000E-02
 1.232    0.3971E-02
 1.233    0.3943E-02
 1.234    0.3914E-02
 1.235    0.3886E-02
 1.236    0.3858E-02
 1.237    0.3830E-02
 1.238    0.3802E-02
 1.239    0.3775E-02
 1.240    0.3747E-02
 1.241    0.3720E-02
 1.242    0.3693E-02
 1.243    0.3666E-02
 1.244    0.3639E-02
 1.245    0.3613E-02
 1.246    0.3586E-02
 1.247    0.3560E-02
 1.248    0.3534E-02
 1.249    0.3508E-02
 1.250    0.3483E-02
 1.251    0.3457E-02
 1.252    0.3432E-02
 1.253    0.3407E-02
 1.254    0.3382E-02
 1.255    0.3358E-02
 1.256    0.3333E-02
 1.257    0.3309E-02
 1.258    0.3285E-02
 1.259    0.3261E-02
 1.260    0.3238E-02
 1.261    0.3215E-02
 1.262    0.3192E-02
 1.263    0.3169E-02
 1.264    0.3146E-02
 1.265    0.3123E-02
 1.266    0.3101E-02
 1.267    0.3078E-02
 1.268    0.3056E-02
 1.269    0.3034E-02
 1.270    0.3012E-02
 1.271    0.2990E-02
 1.272    0.2968E-02
 1.273    0.2946E-02
 1.274    0.2925E-02
 1.275    0.2903E-02
 1.276    0.2882E-02
 1.277    0.2861E-02
 1.278    0.2840E-02
 1.279    0.2819E-02
 1.280    0.2798E-02
 1.281    0.2777E-02
 1.282    0.2757E-02
 1.283    0.2737E-02
 1.284    0.2716E-02
 1.285    0.2696E-02
 1.286    0.2676E-02
 1.287    0.2657E-02
 1.288    0.2637E-02
 1.289    0.2618E-02
 1.290    0.2599E-02
 1.291    0.2580E-02
 1.292    0.2561E-02
 1.293    0.2542E-02
 1.294    0.2523E-02
 1.295    0.2505E-02
 1.296    0.2487E-02
 1.297    0.2469E-02
 1.298    0.2451E-02
 1.299    0.2433E-02
 1.300    0.2416E-02
 1.301    0.2398E-02
 1.302    0.2381E-02
 1.303    0.2363E-02
 1.304    0.2346E-02
 1.305    0.2329E-02
 1.306    0.2312E-02
 1.307    0.2295E-02
 1.308    0.2278E-02
 1.309    0.2261E-02
 1.310    0.2244E-02
 1.311    0.2227E-02
 1.312    0.2211E-02
 1.313    0.2194E-02
 1.314    0.2178E-02
 1.315    0.2162E-02
 1.316    0.2146E-02
 1.317    0.2130E-02
 1.318    0.2114E-02
 1.319    0.2098E-02
 1.320    0.2082E-02
 1.321    0.2066E-02
 1.322    0.2051E-02
 1.323    0.2036E-02
 1.324    0.2020E-02
 1.325    0.2005E-02
 1.326    0.1990E-02
 1.327    0.1975E-02
 1.328    0.1961E-02
 1.329    0.1946E-02
 1.330    0.1931E-02
 1.331    0.1917E-02
 1.332    0.1903E-02
 1.333    0.1889E-02
 1.334    0.1875E-02
 1.335    0.1861E-02
 1.336    0.1847E-02
 1.337    0.1834E-02
 1.338    0.1820E-02
 1.339    0.1807E-02
 1.340    0.1793E-02
 1.341    0.1780E-02
 1.342    0.1767E-02
 1.343    0.1753E-02
 1.344    0.1740E-02
 1.345    0.1727E-02
 1.346    0.1714E-02
 1.347    0.1701E-02
 1.348    0.1688E-02
 1.349    0.1675E-02
 1.350    0.1663E-02
 1.351    0.1650E-02
 1.352    0.1637E-02
 1.353    0.1625E-02
 1.354    0.1613E-02
 1.355    0.1600E-02
 1.356    0.1588E-02
 1.357    0.1576E-02
 1.358    0.1564E-02
 1.359    0.1552E-02
 1.360    0.1540E-02
 1.361    0.1528E-02
 1.362    0.1517E-02
 1.363    0.1505E-02
 1.364    0.1494E-02
 1.365    0.1482E-02
 1.366    0.1471E-02
 1.367    0.1460E-02
 1.368    0.1449E-02
 1.369    0.1438E-02
 1.370    0.1427E-02
 1.371    0.1416E-02
 1.372    0.1406E-02
 1.373    0.1395E-02
 1.374    0.1385E-02
 1.375    0.1375E-02
 1.376    0.1365E-02
 1.377    0.1354E-02
 1.378    0.1344E-02
 1.379    0.1334E-02
 1.380    0.1324E-02
 1.381    0.1314E-02
 1.382    0.1304E-02
 1.383    0.1294E-02
 1.384    0.1285E-02
 1.385    0.1275E-02
 1.386    0.1265E-02
 1.387    0.1256E-02
 1.388    0.1246E-02
 1.389    0.1236E-02
 1.390    0.1227E-02
 1.391    0.1218E-02
 1.392    0.1208E-02
 1.393    0.1199E-02
 1.394    0.1190E-02
 1.395    0.1181E-02
 1.396    0.1172E-02
 1.397    0.1163E-02
 1.398    0.1154E-02
 1.399    0.1145E-02
 1.400    0.1136E-02
 1.401    0.1127E-02
 1.402    0.1119E-02
 1.403    0.1110E-02
 1.404    0.1102E-02
 1.405    0.1093E-02
 1.406    0.1085E-02
 1.407    0.1077E-02
 1.408    0.1068E-02
 1.409    0.1060E-02
 1.410    0.1052E-02
 1.411    0.1044E-02
 1.412    0.1037E-02
 1.413    0.1029E-02
 1.414    0.1021E-02
 1.415    0.1014E-02
 1.416    0.1006E-02
