 0.001    0.8053E+00
 0.002    0.8609E+00
 0.003    0.8952E+00
 0.004    0.9075E+00
 0.005    0.9163E+00
 0.006    0.9231E+00
 0.007    0.9295E+00
 0.008    0.9349E+00
 0.009    0.9399E+00
 0.010    0.9445E+00
 0.011    0.9488E+00
 0.012    0.9527E+00
 0.013    0.9565E+00
 0.014    0.9601E+00
 0.015    0.9637E+00
 0.016    0.9671E+00
 0.017    0.9704E+00
 0.018    0.9734E+00
 0.019    0.9762E+00
 0.020    0.9791E+00
 0.021    0.9820E+00
 0.022    0.9848E+00
 0.023    0.9876E+00
 0.024    0.9903E+00
 0.025    0.9930E+00
 0.026    0.9955E+00
 0.027    0.9978E+00
 0.028    0.1000E+01
 0.029    0.1002E+01
 0.030    0.1005E+01
 0.031    0.1007E+01
 0.032    0.1009E+01
 0.033    0.1012E+01
 0.034    0.1014E+01
 0.035    0.1016E+01
 0.036    0.1018E+01
 0.037    0.1020E+01
 0.038    0.1022E+01
 0.039    0.1024E+01
 0.040    0.1025E+01
 0.041    0.1027E+01
 0.042    0.1029E+01
 0.043    0.1031E+01
 0.044    0.1033E+01
 0.045    0.1035E+01
 0.046    0.1036E+01
 0.047    0.1038E+01
 0.048    0.1039E+01
 0.049    0.1041E+01
 0.050    0.1043E+01
 0.051    0.1044E+01
 0.052    0.1045E+01
 0.053    0.1047E+01
 0.054    0.1048E+01
 0.055    0.1049E+01
 0.056    0.1051E+01
 0.057    0.1052E+01
 0.058    0.1053E+01
 0.059    0.1054E+01
 0.060    0.1056E+01
 0.061    0.1057E+01
 0.062    0.1058E+01
 0.063    0.1059E+01
 0.064    0.1060E+01
 0.065    0.1060E+01
 0.066    0.1061E+01
 0.067    0.1062E+01
 0.068    0.1063E+01
 0.069    0.1064E+01
 0.070    0.1065E+01
 0.071    0.1066E+01
 0.072    0.1067E+01
 0.073    0.1068E+01
 0.074    0.1068E+01
 0.075    0.1069E+01
 0.076    0.1069E+01
 0.077    0.1070E+01
 0.078    0.1070E+01
 0.079    0.1071E+01
 0.080    0.1071E+01
 0.081    0.1072E+01
 0.082    0.1072E+01
 0.083    0.1073E+01
 0.084    0.1073E+01
 0.085    0.1073E+01
 0.086    0.1073E+01
 0.087    0.1073E+01
 0.088    0.1073E+01
 0.089    0.1073E+01
 0.090    0.1073E+01
 0.091    0.1074E+01
 0.092    0.1074E+01
 0.093    0.1074E+01
 0.094    0.1073E+01
 0.095    0.1073E+01
 0.096    0.1073E+01
 0.097    0.1073E+01
 0.098    0.1073E+01
 0.099    0.1073E+01
 0.100    0.1073E+01
 0.101    0.1072E+01
 0.102    0.1072E+01
 0.103    0.1071E+01
 0.104    0.1071E+01
 0.105    0.1070E+01
 0.106    0.1070E+01
 0.107    0.1070E+01
 0.108    0.1069E+01
 0.109    0.1068E+01
 0.110    0.1068E+01
 0.111    0.1067E+01
 0.112    0.1066E+01
 0.113    0.1066E+01
 0.114    0.1065E+01
 0.115    0.1064E+01
 0.116    0.1064E+01
 0.117    0.1063E+01
 0.118    0.1062E+01
 0.119    0.1061E+01
 0.120    0.1060E+01
 0.121    0.1059E+01
 0.122    0.1058E+01
 0.123    0.1057E+01
 0.124    0.1055E+01
 0.125    0.1054E+01
 0.126    0.1053E+01
 0.127    0.1052E+01
 0.128    0.1051E+01
 0.129    0.1049E+01
 0.130    0.1048E+01
 0.131    0.1047E+01
 0.132    0.1045E+01
 0.133    0.1044E+01
 0.134    0.1042E+01
 0.135    0.1041E+01
 0.136    0.1039E+01
 0.137    0.1038E+01
 0.138    0.1036E+01
 0.139    0.1035E+01
 0.140    0.1033E+01
 0.141    0.1031E+01
 0.142    0.1030E+01
 0.143    0.1028E+01
 0.144    0.1026E+01
 0.145    0.1024E+01
 0.146    0.1022E+01
 0.147    0.1020E+01
 0.148    0.1019E+01
 0.149    0.1017E+01
 0.150    0.1015E+01
 0.151    0.1013E+01
 0.152    0.1011E+01
 0.153    0.1009E+01
 0.154    0.1006E+01
 0.155    0.1004E+01
 0.156    0.1002E+01
 0.157    0.9999E+00
 0.158    0.9976E+00
 0.159    0.9954E+00
 0.160    0.9933E+00
 0.161    0.9909E+00
 0.162    0.9885E+00
 0.163    0.9861E+00
 0.164    0.9837E+00
 0.165    0.9812E+00
 0.166    0.9787E+00
 0.167    0.9762E+00
 0.168    0.9737E+00
 0.169    0.9711E+00
 0.170    0.9685E+00
 0.171    0.9659E+00
 0.172    0.9632E+00
 0.173    0.9605E+00
 0.174    0.9578E+00
 0.175    0.9550E+00
 0.176    0.9523E+00
 0.177    0.9497E+00
 0.178    0.9470E+00
 0.179    0.9443E+00
 0.180    0.9414E+00
 0.181    0.9384E+00
 0.182    0.9355E+00
 0.183    0.9326E+00
 0.184    0.9297E+00
 0.185    0.9268E+00
 0.186    0.9238E+00
 0.187    0.9208E+00
 0.188    0.9178E+00
 0.189    0.9148E+00
 0.190    0.9119E+00
 0.191    0.9089E+00
 0.192    0.9058E+00
 0.193    0.9026E+00
 0.194    0.8996E+00
 0.195    0.8966E+00
 0.196    0.8935E+00
 0.197    0.8903E+00
 0.198    0.8872E+00
 0.199    0.8840E+00
 0.200    0.8809E+00
 0.201    0.8777E+00
 0.202    0.8745E+00
 0.203    0.8714E+00
 0.204    0.8682E+00
 0.205    0.8649E+00
 0.206    0.8617E+00
 0.207    0.8585E+00
 0.208    0.8553E+00
 0.209    0.8521E+00
 0.210    0.8489E+00
 0.211    0.8456E+00
 0.212    0.8424E+00
 0.213    0.8391E+00
 0.214    0.8358E+00
 0.215    0.8325E+00
 0.216    0.8293E+00
 0.217    0.8261E+00
 0.218    0.8229E+00
 0.219    0.8196E+00
 0.220    0.8162E+00
 0.221    0.8129E+00
 0.222    0.8097E+00
 0.223    0.8064E+00
 0.224    0.8031E+00
 0.225    0.7999E+00
 0.226    0.7966E+00
 0.227    0.7933E+00
 0.228    0.7901E+00
 0.229    0.7869E+00
 0.230    0.7837E+00
 0.231    0.7805E+00
 0.232    0.7772E+00
 0.233    0.7739E+00
 0.234    0.7707E+00
 0.235    0.7674E+00
 0.236    0.7643E+00
 0.237    0.7611E+00
 0.238    0.7579E+00
 0.239    0.7548E+00
 0.240    0.7516E+00
 0.241    0.7485E+00
 0.242    0.7453E+00
 0.243    0.7422E+00
 0.244    0.7391E+00
 0.245    0.7359E+00
 0.246    0.7328E+00
 0.247    0.7296E+00
 0.248    0.7265E+00
 0.249    0.7234E+00
 0.250    0.7204E+00
 0.251    0.7174E+00
 0.252    0.7143E+00
 0.253    0.7113E+00
 0.254    0.7083E+00
 0.255    0.7052E+00
 0.256    0.7022E+00
 0.257    0.6992E+00
 0.258    0.6963E+00
 0.259    0.6934E+00
 0.260    0.6905E+00
 0.261    0.6875E+00
 0.262    0.6846E+00
 0.263    0.6817E+00
 0.264    0.6788E+00
 0.265    0.6758E+00
 0.266    0.6729E+00
 0.267    0.6701E+00
 0.268    0.6672E+00
 0.269    0.6644E+00
 0.270    0.6616E+00
 0.271    0.6589E+00
 0.272    0.6561E+00
 0.273    0.6533E+00
 0.274    0.6506E+00
 0.275    0.6478E+00
 0.276    0.6451E+00
 0.277    0.6424E+00
 0.278    0.6397E+00
 0.279    0.6370E+00
 0.280    0.6342E+00
 0.281    0.6316E+00
 0.282    0.6291E+00
 0.283    0.6264E+00
 0.284    0.6237E+00
 0.285    0.6212E+00
 0.286    0.6186E+00
 0.287    0.6161E+00
 0.288    0.6135E+00
 0.289    0.6110E+00
 0.290    0.6084E+00
 0.291    0.6059E+00
 0.292    0.6035E+00
 0.293    0.6010E+00
 0.294    0.5985E+00
 0.295    0.5961E+00
 0.296    0.5937E+00
 0.297    0.5912E+00
 0.298    0.5888E+00
 0.299    0.5865E+00
 0.300    0.5841E+00
 0.301    0.5817E+00
 0.302    0.5794E+00
 0.303    0.5771E+00
 0.304    0.5747E+00
 0.305    0.5723E+00
 0.306    0.5701E+00
 0.307    0.5679E+00
 0.308    0.5656E+00
 0.309    0.5633E+00
 0.310    0.5611E+00
 0.311    0.5589E+00
 0.312    0.5567E+00
 0.313    0.5544E+00
 0.314    0.5523E+00
 0.315    0.5502E+00
 0.316    0.5480E+00
 0.317    0.5458E+00
 0.318    0.5437E+00
 0.319    0.5416E+00
 0.320    0.5395E+00
 0.321    0.5374E+00
 0.322    0.5353E+00
 0.323    0.5332E+00
 0.324    0.5312E+00
 0.325    0.5291E+00
 0.326    0.5271E+00
 0.327    0.5251E+00
 0.328    0.5231E+00
 0.329    0.5211E+00
 0.330    0.5191E+00
 0.331    0.5171E+00
 0.332    0.5151E+00
 0.333    0.5131E+00
 0.334    0.5112E+00
 0.335    0.5094E+00
 0.336    0.5074E+00
 0.337    0.5055E+00
 0.338    0.5036E+00
 0.339    0.5017E+00
 0.340    0.4998E+00
 0.341    0.4979E+00
 0.342    0.4960E+00
 0.343    0.4942E+00
 0.344    0.4924E+00
 0.345    0.4905E+00
 0.346    0.4887E+00
 0.347    0.4868E+00
 0.348    0.4850E+00
 0.349    0.4833E+00
 0.350    0.4815E+00
 0.351    0.4797E+00
 0.352    0.4779E+00
 0.353    0.4761E+00
 0.354    0.4743E+00
 0.355    0.4726E+00
 0.356    0.4709E+00
 0.357    0.4691E+00
 0.358    0.4674E+00
 0.359    0.4656E+00
 0.360    0.4639E+00
 0.361    0.4622E+00
 0.362    0.4605E+00
 0.363    0.4588E+00
 0.364    0.4571E+00
 0.365    0.4554E+00
 0.366    0.4537E+00
 0.367    0.4521E+00
 0.368    0.4504E+00
 0.369    0.4487E+00
 0.370    0.4470E+00
 0.371    0.4454E+00
 0.372    0.4437E+00
 0.373    0.4420E+00
 0.374    0.4403E+00
 0.375    0.4387E+00
 0.376    0.4371E+00
 0.377    0.4355E+00
 0.378    0.4338E+00
 0.379    0.4321E+00
 0.380    0.4305E+00
 0.381    0.4289E+00
 0.382    0.4274E+00
 0.383    0.4263E+00
 0.384    0.4255E+00
 0.385    0.4248E+00
 0.386    0.4240E+00
 0.387    0.4230E+00
 0.388    0.4217E+00
 0.389    0.4203E+00
 0.390    0.4188E+00
 0.391    0.4173E+00
 0.392    0.4158E+00
 0.393    0.4142E+00
 0.394    0.4127E+00
 0.395    0.4112E+00
 0.396    0.4097E+00
 0.397    0.4082E+00
 0.398    0.4068E+00
 0.399    0.4053E+00
 0.400    0.4039E+00
 0.401    0.4025E+00
 0.402    0.4010E+00
 0.403    0.3996E+00
 0.404    0.3982E+00
 0.405    0.3967E+00
 0.406    0.3953E+00
 0.407    0.3939E+00
 0.408    0.3925E+00
 0.409    0.3911E+00
 0.410    0.3897E+00
 0.411    0.3883E+00
 0.412    0.3869E+00
 0.413    0.3856E+00
 0.414    0.3842E+00
 0.415    0.3828E+00
 0.416    0.3815E+00
 0.417    0.3801E+00
 0.418    0.3788E+00
 0.419    0.3774E+00
 0.420    0.3761E+00
 0.421    0.3747E+00
 0.422    0.3734E+00
 0.423    0.3721E+00
 0.424    0.3708E+00
 0.425    0.3695E+00
 0.426    0.3682E+00
 0.427    0.3669E+00
 0.428    0.3656E+00
 0.429    0.3643E+00
 0.430    0.3630E+00
 0.431    0.3618E+00
 0.432    0.3605E+00
 0.433    0.3592E+00
 0.434    0.3580E+00
 0.435    0.3567E+00
 0.436    0.3554E+00
 0.437    0.3542E+00
 0.438    0.3529E+00
 0.439    0.3517E+00
 0.440    0.3505E+00
 0.441    0.3492E+00
 0.442    0.3480E+00
 0.443    0.3468E+00
 0.444    0.3456E+00
 0.445    0.3443E+00
 0.446    0.3431E+00
 0.447    0.3419E+00
 0.448    0.3407E+00
 0.449    0.3395E+00
 0.450    0.3384E+00
 0.451    0.3372E+00
 0.452    0.3360E+00
 0.453    0.3348E+00
 0.454    0.3336E+00
 0.455    0.3325E+00
 0.456    0.3313E+00
 0.457    0.3301E+00
 0.458    0.3290E+00
 0.459    0.3278E+00
 0.460    0.3267E+00
 0.461    0.3255E+00
 0.462    0.3244E+00
 0.463    0.3232E+00
 0.464    0.3221E+00
 0.465    0.3209E+00
 0.466    0.3198E+00
 0.467    0.3187E+00
 0.468    0.3175E+00
 0.469    0.3164E+00
 0.470    0.3153E+00
 0.471    0.3142E+00
 0.472    0.3131E+00
 0.473    0.3120E+00
 0.474    0.3109E+00
 0.475    0.3098E+00
 0.476    0.3087E+00
 0.477    0.3076E+00
 0.478    0.3065E+00
 0.479    0.3054E+00
 0.480    0.3043E+00
 0.481    0.3032E+00
 0.482    0.3021E+00
 0.483    0.3010E+00
 0.484    0.3000E+00
 0.485    0.2989E+00
 0.486    0.2978E+00
 0.487    0.2967E+00
 0.488    0.2957E+00
 0.489    0.2946E+00
 0.490    0.2935E+00
 0.491    0.2925E+00
 0.492    0.2914E+00
 0.493    0.2904E+00
 0.494    0.2893E+00
 0.495    0.2883E+00
 0.496    0.2872E+00
 0.497    0.2862E+00
 0.498    0.2851E+00
 0.499    0.2841E+00
 0.500    0.2830E+00
 0.501    0.2820E+00
 0.502    0.2810E+00
 0.503    0.2799E+00
 0.504    0.2789E+00
 0.505    0.2779E+00
 0.506    0.2768E+00
 0.507    0.2758E+00
 0.508    0.2748E+00
 0.509    0.2738E+00
 0.510    0.2727E+00
 0.511    0.2717E+00
 0.512    0.2707E+00
 0.513    0.2697E+00
 0.514    0.2687E+00
 0.515    0.2677E+00
 0.516    0.2667E+00
 0.517    0.2657E+00
 0.518    0.2647E+00
 0.519    0.2637E+00
 0.520    0.2627E+00
 0.521    0.2617E+00
 0.522    0.2607E+00
 0.523    0.2597E+00
 0.524    0.2587E+00
 0.525    0.2577E+00
 0.526    0.2567E+00
 0.527    0.2558E+00
 0.528    0.2548E+00
 0.529    0.2538E+00
 0.530    0.2528E+00
 0.531    0.2518E+00
 0.532    0.2509E+00
 0.533    0.2499E+00
 0.534    0.2489E+00
 0.535    0.2479E+00
 0.536    0.2470E+00
 0.537    0.2460E+00
 0.538    0.2451E+00
 0.539    0.2441E+00
 0.540    0.2431E+00
 0.541    0.2422E+00
 0.542    0.2412E+00
 0.543    0.2403E+00
 0.544    0.2393E+00
 0.545    0.2384E+00
 0.546    0.2374E+00
 0.547    0.2365E+00
 0.548    0.2355E+00
 0.549    0.2346E+00
 0.550    0.2337E+00
 0.551    0.2327E+00
 0.552    0.2318E+00
 0.553    0.2309E+00
 0.554    0.2299E+00
 0.555    0.2290E+00
 0.556    0.2281E+00
 0.557    0.2271E+00
 0.558    0.2262E+00
 0.559    0.2253E+00
 0.560    0.2244E+00
 0.561    0.2235E+00
 0.562    0.2225E+00
 0.563    0.2216E+00
 0.564    0.2207E+00
 0.565    0.2198E+00
 0.566    0.2189E+00
 0.567    0.2180E+00
 0.568    0.2171E+00
 0.569    0.2162E+00
 0.570    0.2153E+00
 0.571    0.2144E+00
 0.572    0.2135E+00
 0.573    0.2126E+00
 0.574    0.2117E+00
 0.575    0.2108E+00
 0.576    0.2099E+00
 0.577    0.2090E+00
 0.578    0.2081E+00
 0.579    0.2072E+00
 0.580    0.2063E+00
 0.581    0.2054E+00
 0.582    0.2045E+00
 0.583    0.2036E+00
 0.584    0.2028E+00
 0.585    0.2019E+00
 0.586    0.2010E+00
 0.587    0.2001E+00
 0.588    0.1993E+00
 0.589    0.1984E+00
 0.590    0.1975E+00
 0.591    0.1966E+00
 0.592    0.1958E+00
 0.593    0.1949E+00
 0.594    0.1941E+00
 0.595    0.1932E+00
 0.596    0.1923E+00
 0.597    0.1915E+00
 0.598    0.1906E+00
 0.599    0.1898E+00
 0.600    0.1889E+00
 0.601    0.1881E+00
 0.602    0.1873E+00
 0.603    0.1864E+00
 0.604    0.1856E+00
 0.605    0.1847E+00
 0.606    0.1839E+00
 0.607    0.1831E+00
 0.608    0.1823E+00
 0.609    0.1814E+00
 0.610    0.1806E+00
 0.611    0.1798E+00
 0.612    0.1790E+00
 0.613    0.1782E+00
 0.614    0.1774E+00
 0.615    0.1765E+00
 0.616    0.1757E+00
 0.617    0.1749E+00
 0.618    0.1741E+00
 0.619    0.1733E+00
 0.620    0.1725E+00
 0.621    0.1717E+00
 0.622    0.1710E+00
 0.623    0.1702E+00
 0.624    0.1694E+00
 0.625    0.1686E+00
 0.626    0.1678E+00
 0.627    0.1670E+00
 0.628    0.1663E+00
 0.629    0.1655E+00
 0.630    0.1647E+00
 0.631    0.1640E+00
 0.632    0.1632E+00
 0.633    0.1624E+00
 0.634    0.1617E+00
 0.635    0.1609E+00
 0.636    0.1602E+00
 0.637    0.1594E+00
 0.638    0.1587E+00
 0.639    0.1579E+00
 0.640    0.1572E+00
 0.641    0.1564E+00
 0.642    0.1557E+00
 0.643    0.1550E+00
 0.644    0.1542E+00
 0.645    0.1535E+00
 0.646    0.1528E+00
 0.647    0.1520E+00
 0.648    0.1513E+00
 0.649    0.1506E+00
 0.650    0.1499E+00
 0.651    0.1492E+00
 0.652    0.1485E+00
 0.653    0.1478E+00
 0.654    0.1471E+00
 0.655    0.1464E+00
 0.656    0.1457E+00
 0.657    0.1450E+00
 0.658    0.1443E+00
 0.659    0.1436E+00
 0.660    0.1429E+00
 0.661    0.1422E+00
 0.662    0.1415E+00
 0.663    0.1408E+00
 0.664    0.1402E+00
 0.665    0.1395E+00
 0.666    0.1388E+00
 0.667    0.1381E+00
 0.668    0.1375E+00
 0.669    0.1368E+00
 0.670    0.1362E+00
 0.671    0.1355E+00
 0.672    0.1348E+00
 0.673    0.1342E+00
 0.674    0.1335E+00
 0.675    0.1329E+00
 0.676    0.1322E+00
 0.677    0.1316E+00
 0.678    0.1310E+00
 0.679    0.1303E+00
 0.680    0.1297E+00
 0.681    0.1291E+00
 0.682    0.1284E+00
 0.683    0.1278E+00
 0.684    0.1272E+00
 0.685    0.1265E+00
 0.686    0.1259E+00
 0.687    0.1253E+00
 0.688    0.1247E+00
 0.689    0.1241E+00
 0.690    0.1235E+00
 0.691    0.1229E+00
 0.692    0.1223E+00
 0.693    0.1217E+00
 0.694    0.1211E+00
 0.695    0.1205E+00
 0.696    0.1199E+00
 0.697    0.1193E+00
 0.698    0.1187E+00
 0.699    0.1181E+00
 0.700    0.1175E+00
 0.701    0.1169E+00
 0.702    0.1164E+00
 0.703    0.1158E+00
 0.704    0.1152E+00
 0.705    0.1146E+00
 0.706    0.1141E+00
 0.707    0.1135E+00
 0.708    0.1129E+00
 0.709    0.1124E+00
 0.710    0.1118E+00
 0.711    0.1112E+00
 0.712    0.1107E+00
 0.713    0.1101E+00
 0.714    0.1096E+00
 0.715    0.1090E+00
 0.716    0.1085E+00
 0.717    0.1079E+00
 0.718    0.1074E+00
 0.719    0.1069E+00
 0.720    0.1063E+00
 0.721    0.1058E+00
 0.722    0.1053E+00
 0.723    0.1047E+00
 0.724    0.1042E+00
 0.725    0.1037E+00
 0.726    0.1032E+00
 0.727    0.1026E+00
 0.728    0.1021E+00
 0.729    0.1016E+00
 0.730    0.1011E+00
 0.731    0.1006E+00
 0.732    0.1001E+00
 0.733    0.9957E-01
 0.734    0.9907E-01
 0.735    0.9857E-01
 0.736    0.9807E-01
 0.737    0.9757E-01
 0.738    0.9708E-01
 0.739    0.9658E-01
 0.740    0.9609E-01
 0.741    0.9560E-01
 0.742    0.9512E-01
 0.743    0.9463E-01
 0.744    0.9415E-01
 0.745    0.9367E-01
 0.746    0.9319E-01
 0.747    0.9272E-01
 0.748    0.9224E-01
 0.749    0.9177E-01
 0.750    0.9130E-01
 0.751    0.9083E-01
 0.752    0.9037E-01
 0.753    0.8990E-01
 0.754    0.8944E-01
 0.755    0.8898E-01
 0.756    0.8853E-01
 0.757    0.8807E-01
 0.758    0.8762E-01
 0.759    0.8717E-01
 0.760    0.8672E-01
 0.761    0.8628E-01
 0.762    0.8583E-01
 0.763    0.8539E-01
 0.764    0.8495E-01
 0.765    0.8451E-01
 0.766    0.8407E-01
 0.767    0.8364E-01
 0.768    0.8320E-01
 0.769    0.8277E-01
 0.770    0.8234E-01
 0.771    0.8191E-01
 0.772    0.8149E-01
 0.773    0.8107E-01
 0.774    0.8064E-01
 0.775    0.8023E-01
 0.776    0.7981E-01
 0.777    0.7939E-01
 0.778    0.7898E-01
 0.779    0.7857E-01
 0.780    0.7816E-01
 0.781    0.7775E-01
 0.782    0.7735E-01
 0.783    0.7694E-01
 0.784    0.7654E-01
 0.785    0.7614E-01
 0.786    0.7574E-01
 0.787    0.7534E-01
 0.788    0.7495E-01
 0.789    0.7456E-01
 0.790    0.7416E-01
 0.791    0.7377E-01
 0.792    0.7339E-01
 0.793    0.7300E-01
 0.794    0.7262E-01
 0.795    0.7223E-01
 0.796    0.7185E-01
 0.797    0.7147E-01
 0.798    0.7110E-01
 0.799    0.7072E-01
 0.800    0.7035E-01
 0.801    0.6998E-01
 0.802    0.6961E-01
 0.803    0.6924E-01
 0.804    0.6888E-01
 0.805    0.6851E-01
 0.806    0.6815E-01
 0.807    0.6779E-01
 0.808    0.6743E-01
 0.809    0.6707E-01
 0.810    0.6671E-01
 0.811    0.6636E-01
 0.812    0.6600E-01
 0.813    0.6565E-01
 0.814    0.6530E-01
 0.815    0.6495E-01
 0.816    0.6461E-01
 0.817    0.6426E-01
 0.818    0.6392E-01
 0.819    0.6358E-01
 0.820    0.6324E-01
 0.821    0.6290E-01
 0.822    0.6256E-01
 0.823    0.6223E-01
 0.824    0.6190E-01
 0.825    0.6157E-01
 0.826    0.6124E-01
 0.827    0.6091E-01
 0.828    0.6058E-01
 0.829    0.6026E-01
 0.830    0.5993E-01
 0.831    0.5961E-01
 0.832    0.5929E-01
 0.833    0.5897E-01
 0.834    0.5865E-01
 0.835    0.5833E-01
 0.836    0.5802E-01
 0.837    0.5771E-01
 0.838    0.5739E-01
 0.839    0.5708E-01
 0.840    0.5677E-01
 0.841    0.5647E-01
 0.842    0.5616E-01
 0.843    0.5586E-01
 0.844    0.5555E-01
 0.845    0.5525E-01
 0.846    0.5495E-01
 0.847    0.5465E-01
 0.848    0.5436E-01
 0.849    0.5406E-01
 0.850    0.5377E-01
 0.851    0.5347E-01
 0.852    0.5318E-01
 0.853    0.5289E-01
 0.854    0.5260E-01
 0.855    0.5231E-01
 0.856    0.5203E-01
 0.857    0.5174E-01
 0.858    0.5146E-01
 0.859    0.5118E-01
 0.860    0.5089E-01
 0.861    0.5061E-01
 0.862    0.5034E-01
 0.863    0.5006E-01
 0.864    0.4978E-01
 0.865    0.4951E-01
 0.866    0.4924E-01
 0.867    0.4896E-01
 0.868    0.4869E-01
 0.869    0.4843E-01
 0.870    0.4816E-01
 0.871    0.4789E-01
 0.872    0.4763E-01
 0.873    0.4737E-01
 0.874    0.4711E-01
 0.875    0.4684E-01
 0.876    0.4659E-01
 0.877    0.4633E-01
 0.878    0.4607E-01
 0.879    0.4581E-01
 0.880    0.4556E-01
 0.881    0.4531E-01
 0.882    0.4505E-01
 0.883    0.4480E-01
 0.884    0.4455E-01
 0.885    0.4430E-01
 0.886    0.4406E-01
 0.887    0.4381E-01
 0.888    0.4357E-01
 0.889    0.4332E-01
 0.890    0.4308E-01
 0.891    0.4284E-01
 0.892    0.4260E-01
 0.893    0.4236E-01
 0.894    0.4212E-01
 0.895    0.4189E-01
 0.896    0.4166E-01
 0.897    0.4142E-01
 0.898    0.4119E-01
 0.899    0.4096E-01
 0.900    0.4073E-01
 0.901    0.4050E-01
 0.902    0.4027E-01
 0.903    0.4004E-01
 0.904    0.3982E-01
 0.905    0.3959E-01
 0.906    0.3937E-01
 0.907    0.3914E-01
 0.908    0.3892E-01
 0.909    0.3870E-01
 0.910    0.3848E-01
 0.911    0.3826E-01
 0.912    0.3804E-01
 0.913    0.3783E-01
 0.914    0.3761E-01
 0.915    0.3740E-01
 0.916    0.3719E-01
 0.917    0.3697E-01
 0.918    0.3676E-01
 0.919    0.3655E-01
 0.920    0.3635E-01
 0.921    0.3614E-01
 0.922    0.3593E-01
 0.923    0.3573E-01
 0.924    0.3552E-01
 0.925    0.3532E-01
 0.926    0.3512E-01
 0.927    0.3492E-01
 0.928    0.3472E-01
 0.929    0.3452E-01
 0.930    0.3432E-01
 0.931    0.3412E-01
 0.932    0.3392E-01
 0.933    0.3373E-01
 0.934    0.3353E-01
 0.935    0.3334E-01
 0.936    0.3315E-01
 0.937    0.3295E-01
 0.938    0.3276E-01
 0.939    0.3257E-01
 0.940    0.3238E-01
 0.941    0.3220E-01
 0.942    0.3201E-01
 0.943    0.3182E-01
 0.944    0.3164E-01
 0.945    0.3146E-01
 0.946    0.3127E-01
 0.947    0.3109E-01
 0.948    0.3091E-01
 0.949    0.3073E-01
 0.950    0.3055E-01
 0.951    0.3038E-01
 0.952    0.3020E-01
 0.953    0.3002E-01
 0.954    0.2985E-01
 0.955    0.2967E-01
 0.956    0.2950E-01
 0.957    0.2932E-01
 0.958    0.2915E-01
 0.959    0.2898E-01
 0.960    0.2881E-01
 0.961    0.2864E-01
 0.962    0.2847E-01
 0.963    0.2830E-01
 0.964    0.2814E-01
 0.965    0.2797E-01
 0.966    0.2780E-01
 0.967    0.2764E-01
 0.968    0.2748E-01
 0.969    0.2732E-01
 0.970    0.2715E-01
 0.971    0.2699E-01
 0.972    0.2683E-01
 0.973    0.2668E-01
 0.974    0.2652E-01
 0.975    0.2636E-01
 0.976    0.2621E-01
 0.977    0.2605E-01
 0.978    0.2590E-01
 0.979    0.2574E-01
 0.980    0.2559E-01
 0.981    0.2544E-01
 0.982    0.2529E-01
 0.983    0.2514E-01
 0.984    0.2499E-01
 0.985    0.2484E-01
 0.986    0.2469E-01
 0.987    0.2454E-01
 0.988    0.2440E-01
 0.989    0.2425E-01
 0.990    0.2411E-01
 0.991    0.2396E-01
 0.992    0.2382E-01
 0.993    0.2367E-01
 0.994    0.2353E-01
 0.995    0.2339E-01
 0.996    0.2325E-01
 0.997    0.2311E-01
 0.998    0.2297E-01
 0.999    0.2284E-01
 1.000    0.2270E-01
 1.001    0.2256E-01
 1.002    0.2243E-01
 1.003    0.2229E-01
 1.004    0.2216E-01
 1.005    0.2203E-01
 1.006    0.2189E-01
 1.007    0.2176E-01
 1.008    0.2163E-01
 1.009    0.2150E-01
 1.010    0.2137E-01
 1.011    0.2124E-01
 1.012    0.2111E-01
 1.013    0.2098E-01
 1.014    0.2085E-01
 1.015    0.2073E-01
 1.016    0.2060E-01
 1.017    0.2047E-01
 1.018    0.2035E-01
 1.019    0.2022E-01
 1.020    0.2010E-01
 1.021    0.1998E-01
 1.022    0.1986E-01
 1.023    0.1973E-01
 1.024    0.1961E-01
 1.025    0.1949E-01
 1.026    0.1937E-01
 1.027    0.1926E-01
 1.028    0.1914E-01
 1.029    0.1902E-01
 1.030    0.1891E-01
 1.031    0.1879E-01
 1.032    0.1868E-01
 1.033    0.1856E-01
 1.034    0.1845E-01
 1.035    0.1834E-01
 1.036    0.1823E-01
 1.037    0.1811E-01
 1.038    0.1800E-01
 1.039    0.1789E-01
 1.040    0.1778E-01
 1.041    0.1767E-01
 1.042    0.1756E-01
 1.043    0.1745E-01
 1.044    0.1735E-01
 1.045    0.1724E-01
 1.046    0.1713E-01
 1.047    0.1703E-01
 1.048    0.1692E-01
 1.049    0.1682E-01
 1.050    0.1671E-01
 1.051    0.1661E-01
 1.052    0.1651E-01
 1.053    0.1640E-01
 1.054    0.1630E-01
 1.055    0.1620E-01
 1.056    0.1610E-01
 1.057    0.1600E-01
 1.058    0.1590E-01
 1.059    0.1581E-01
 1.060    0.1571E-01
 1.061    0.1561E-01
 1.062    0.1551E-01
 1.063    0.1542E-01
 1.064    0.1532E-01
 1.065    0.1522E-01
 1.066    0.1513E-01
 1.067    0.1503E-01
 1.068    0.1494E-01
 1.069    0.1485E-01
 1.070    0.1475E-01
 1.071    0.1466E-01
 1.072    0.1457E-01
 1.073    0.1448E-01
 1.074    0.1438E-01
 1.075    0.1429E-01
 1.076    0.1420E-01
 1.077    0.1411E-01
 1.078    0.1402E-01
 1.079    0.1394E-01
 1.080    0.1385E-01
 1.081    0.1376E-01
 1.082    0.1367E-01
 1.083    0.1359E-01
 1.084    0.1350E-01
 1.085    0.1341E-01
 1.086    0.1333E-01
 1.087    0.1324E-01
 1.088    0.1316E-01
 1.089    0.1308E-01
 1.090    0.1300E-01
 1.091    0.1291E-01
 1.092    0.1283E-01
 1.093    0.1275E-01
 1.094    0.1267E-01
 1.095    0.1259E-01
 1.096    0.1251E-01
 1.097    0.1243E-01
 1.098    0.1235E-01
 1.099    0.1227E-01
 1.100    0.1219E-01
 1.101    0.1211E-01
 1.102    0.1204E-01
 1.103    0.1196E-01
 1.104    0.1188E-01
 1.105    0.1181E-01
 1.106    0.1173E-01
 1.107    0.1166E-01
 1.108    0.1158E-01
 1.109    0.1151E-01
 1.110    0.1143E-01
 1.111    0.1136E-01
 1.112    0.1129E-01
 1.113    0.1121E-01
 1.114    0.1114E-01
 1.115    0.1107E-01
 1.116    0.1100E-01
 1.117    0.1093E-01
 1.118    0.1086E-01
 1.119    0.1079E-01
 1.120    0.1072E-01
 1.121    0.1065E-01
 1.122    0.1058E-01
 1.123    0.1051E-01
 1.124    0.1045E-01
 1.125    0.1038E-01
 1.126    0.1031E-01
 1.127    0.1024E-01
 1.128    0.1018E-01
 1.129    0.1011E-01
 1.130    0.1005E-01
 1.131    0.9981E-02
 1.132    0.9916E-02
 1.133    0.9851E-02
 1.134    0.9787E-02
 1.135    0.9723E-02
 1.136    0.9659E-02
 1.137    0.9596E-02
 1.138    0.9533E-02
 1.139    0.9471E-02
 1.140    0.9409E-02
 1.141    0.9347E-02
 1.142    0.9286E-02
 1.143    0.9225E-02
 1.144    0.9165E-02
 1.145    0.9105E-02
 1.146    0.9045E-02
 1.147    0.8986E-02
 1.148    0.8928E-02
 1.149    0.8870E-02
 1.150    0.8812E-02
 1.151    0.8755E-02
 1.152    0.8698E-02
 1.153    0.8641E-02
 1.154    0.8585E-02
 1.155    0.8529E-02
 1.156    0.8473E-02
 1.157    0.8418E-02
 1.158    0.8363E-02
 1.159    0.8308E-02
 1.160    0.8253E-02
 1.161    0.8199E-02
 1.162    0.8145E-02
 1.163    0.8091E-02
 1.164    0.8037E-02
 1.165    0.7984E-02
 1.166    0.7931E-02
 1.167    0.7879E-02
 1.168    0.7827E-02
 1.169    0.7775E-02
 1.170    0.7723E-02
 1.171    0.7672E-02
 1.172    0.7621E-02
 1.173    0.7570E-02
 1.174    0.7520E-02
 1.175    0.7470E-02
 1.176    0.7420E-02
 1.177    0.7371E-02
 1.178    0.7322E-02
 1.179    0.7273E-02
 1.180    0.7225E-02
 1.181    0.7177E-02
 1.182    0.7130E-02
 1.183    0.7083E-02
 1.184    0.7036E-02
 1.185    0.6989E-02
 1.186    0.6943E-02
 1.187    0.6897E-02
 1.188    0.6851E-02
 1.189    0.6805E-02
 1.190    0.6760E-02
 1.191    0.6715E-02
 1.192    0.6670E-02
 1.193    0.6625E-02
 1.194    0.6580E-02
 1.195    0.6536E-02
 1.196    0.6492E-02
 1.197    0.6448E-02
 1.198    0.6404E-02
 1.199    0.6361E-02
 1.200    0.6318E-02
 1.201    0.6275E-02
 1.202    0.6232E-02
 1.203    0.6190E-02
 1.204    0.6148E-02
 1.205    0.6106E-02
 1.206    0.6065E-02
 1.207    0.6024E-02
 1.208    0.5983E-02
 1.209    0.5942E-02
 1.210    0.5902E-02
 1.211    0.5862E-02
 1.212    0.5822E-02
 1.213    0.5783E-02
 1.214    0.5744E-02
 1.215    0.5705E-02
 1.216    0.5667E-02
 1.217    0.5629E-02
 1.218    0.5591E-02
 1.219    0.5554E-02
 1.220    0.5516E-02
 1.221    0.5479E-02
 1.222    0.5442E-02
 1.223    0.5405E-02
 1.224    0.5369E-02
 1.225    0.5332E-02
 1.226    0.5296E-02
 1.227    0.5260E-02
 1.228    0.5224E-02
 1.229    0.5189E-02
 1.230    0.5153E-02
 1.231    0.5118E-02
 1.232    0.5083E-02
 1.233    0.5048E-02
 1.234    0.5013E-02
 1.235    0.4979E-02
 1.236    0.4945E-02
 1.237    0.4911E-02
 1.238    0.4877E-02
 1.239    0.4844E-02
 1.240    0.4811E-02
 1.241    0.4778E-02
 1.242    0.4745E-02
 1.243    0.4712E-02
 1.244    0.4680E-02
 1.245    0.4648E-02
 1.246    0.4616E-02
 1.247    0.4585E-02
 1.248    0.4554E-02
 1.249    0.4523E-02
 1.250    0.4492E-02
 1.251    0.4461E-02
 1.252    0.4431E-02
 1.253    0.4401E-02
 1.254    0.4371E-02
 1.255    0.4342E-02
 1.256    0.4312E-02
 1.257    0.4282E-02
 1.258    0.4253E-02
 1.259    0.4224E-02
 1.260    0.4195E-02
 1.261    0.4166E-02
 1.262    0.4137E-02
 1.263    0.4108E-02
 1.264    0.4080E-02
 1.265    0.4052E-02
 1.266    0.4023E-02
 1.267    0.3995E-02
 1.268    0.3968E-02
 1.269    0.3940E-02
 1.270    0.3913E-02
 1.271    0.3885E-02
 1.272    0.3858E-02
 1.273    0.3831E-02
 1.274    0.3804E-02
 1.275    0.3778E-02
 1.276    0.3751E-02
 1.277    0.3725E-02
 1.278    0.3699E-02
 1.279    0.3673E-02
 1.280    0.3648E-02
 1.281    0.3622E-02
 1.282    0.3597E-02
 1.283    0.3572E-02
 1.284    0.3548E-02
 1.285    0.3523E-02
 1.286    0.3499E-02
 1.287    0.3475E-02
 1.288    0.3451E-02
 1.289    0.3427E-02
 1.290    0.3403E-02
 1.291    0.3379E-02
 1.292    0.3356E-02
 1.293    0.3333E-02
 1.294    0.3309E-02
 1.295    0.3286E-02
 1.296    0.3263E-02
 1.297    0.3240E-02
 1.298    0.3217E-02
 1.299    0.3195E-02
 1.300    0.3172E-02
 1.301    0.3150E-02
 1.302    0.3128E-02
 1.303    0.3105E-02
 1.304    0.3083E-02
 1.305    0.3062E-02
 1.306    0.3040E-02
 1.307    0.3018E-02
 1.308    0.2997E-02
 1.309    0.2975E-02
 1.310    0.2954E-02
 1.311    0.2933E-02
 1.312    0.2913E-02
 1.313    0.2892E-02
 1.314    0.2871E-02
 1.315    0.2851E-02
 1.316    0.2831E-02
 1.317    0.2811E-02
 1.318    0.2791E-02
 1.319    0.2771E-02
 1.320    0.2752E-02
 1.321    0.2732E-02
 1.322    0.2713E-02
 1.323    0.2694E-02
 1.324    0.2676E-02
 1.325    0.2657E-02
 1.326    0.2638E-02
 1.327    0.2620E-02
 1.328    0.2601E-02
 1.329    0.2583E-02
 1.330    0.2565E-02
 1.331    0.2547E-02
 1.332    0.2529E-02
 1.333    0.2511E-02
 1.334    0.2493E-02
 1.335    0.2475E-02
 1.336    0.2457E-02
 1.337    0.2440E-02
 1.338    0.2422E-02
 1.339    0.2405E-02
 1.340    0.2388E-02
 1.341    0.2370E-02
 1.342    0.2353E-02
 1.343    0.2336E-02
 1.344    0.2320E-02
 1.345    0.2303E-02
 1.346    0.2286E-02
 1.347    0.2270E-02
 1.348    0.2254E-02
 1.349    0.2237E-02
 1.350    0.2221E-02
 1.351    0.2205E-02
 1.352    0.2189E-02
 1.353    0.2174E-02
 1.354    0.2158E-02
 1.355    0.2143E-02
 1.356    0.2127E-02
 1.357    0.2112E-02
 1.358    0.2097E-02
 1.359    0.2082E-02
 1.360    0.2068E-02
 1.361    0.2053E-02
 1.362    0.2038E-02
 1.363    0.2024E-02
 1.364    0.2010E-02
 1.365    0.1995E-02
 1.366    0.1981E-02
 1.367    0.1967E-02
 1.368    0.1953E-02
 1.369    0.1939E-02
 1.370    0.1925E-02
 1.371    0.1911E-02
 1.372    0.1897E-02
 1.373    0.1883E-02
 1.374    0.1870E-02
 1.375    0.1856E-02
 1.376    0.1843E-02
 1.377    0.1829E-02
 1.378    0.1816E-02
 1.379    0.1803E-02
 1.380    0.1789E-02
 1.381    0.1776E-02
 1.382    0.1763E-02
 1.383    0.1750E-02
 1.384    0.1738E-02
 1.385    0.1725E-02
 1.386    0.1712E-02
 1.387    0.1700E-02
 1.388    0.1687E-02
 1.389    0.1675E-02
 1.390    0.1663E-02
 1.391    0.1651E-02
 1.392    0.1639E-02
 1.393    0.1627E-02
 1.394    0.1615E-02
 1.395    0.1603E-02
 1.396    0.1592E-02
 1.397    0.1580E-02
 1.398    0.1569E-02
 1.399    0.1558E-02
 1.400    0.1547E-02
 1.401    0.1536E-02
 1.402    0.1525E-02
 1.403    0.1514E-02
 1.404    0.1503E-02
 1.405    0.1492E-02
 1.406    0.1481E-02
 1.407    0.1471E-02
 1.408    0.1460E-02
 1.409    0.1449E-02
 1.410    0.1439E-02
 1.411    0.1428E-02
 1.412    0.1418E-02
 1.413    0.1407E-02
 1.414    0.1397E-02
 1.415    0.1387E-02
 1.416    0.1377E-02
 1.417    0.1367E-02
 1.418    0.1356E-02
 1.419    0.1346E-02
 1.420    0.1337E-02
 1.421    0.1327E-02
 1.422    0.1317E-02
 1.423    0.1307E-02
 1.424    0.1297E-02
 1.425    0.1288E-02
 1.426    0.1278E-02
 1.427    0.1269E-02
 1.428    0.1260E-02
 1.429    0.1250E-02
 1.430    0.1241E-02
 1.431    0.1232E-02
 1.432    0.1223E-02
 1.433    0.1214E-02
 1.434    0.1205E-02
 1.435    0.1196E-02
 1.436    0.1188E-02
 1.437    0.1179E-02
 1.438    0.1171E-02
 1.439    0.1162E-02
 1.440    0.1154E-02
 1.441    0.1145E-02
 1.442    0.1137E-02
 1.443    0.1129E-02
 1.444    0.1121E-02
 1.445    0.1112E-02
 1.446    0.1104E-02
 1.447    0.1096E-02
 1.448    0.1088E-02
 1.449    0.1080E-02
 1.450    0.1072E-02
 1.451    0.1064E-02
 1.452    0.1056E-02
 1.453    0.1048E-02
 1.454    0.1041E-02
 1.455    0.1033E-02
 1.456    0.1025E-02
 1.457    0.1017E-02
 1.458    0.1010E-02
 1.459    0.1002E-02
