 0.001    0.9148E+00
 0.002    0.9392E+00
 0.003    0.9532E+00
 0.004    0.9639E+00
 0.005    0.9728E+00
 0.006    0.9809E+00
 0.007    0.9883E+00
 0.008    0.9951E+00
 0.009    0.1002E+01
 0.010    0.1008E+01
 0.011    0.1014E+01
 0.012    0.1020E+01
 0.013    0.1026E+01
 0.014    0.1031E+01
 0.015    0.1037E+01
 0.016    0.1043E+01
 0.017    0.1047E+01
 0.018    0.1053E+01
 0.019    0.1058E+01
 0.020    0.1063E+01
 0.021    0.1068E+01
 0.022    0.1073E+01
 0.023    0.1078E+01
 0.024    0.1083E+01
 0.025    0.1088E+01
 0.026    0.1093E+01
 0.027    0.1098E+01
 0.028    0.1103E+01
 0.029    0.1107E+01
 0.030    0.1113E+01
 0.031    0.1117E+01
 0.032    0.1121E+01
 0.033    0.1126E+01
 0.034    0.1130E+01
 0.035    0.1135E+01
 0.036    0.1139E+01
 0.037    0.1143E+01
 0.038    0.1148E+01
 0.039    0.1152E+01
 0.040    0.1156E+01
 0.041    0.1160E+01
 0.042    0.1164E+01
 0.043    0.1168E+01
 0.044    0.1171E+01
 0.045    0.1175E+01
 0.046    0.1178E+01
 0.047    0.1181E+01
 0.048    0.1185E+01
 0.049    0.1188E+01
 0.050    0.1191E+01
 0.051    0.1194E+01
 0.052    0.1196E+01
 0.053    0.1199E+01
 0.054    0.1201E+01
 0.055    0.1203E+01
 0.056    0.1205E+01
 0.057    0.1207E+01
 0.058    0.1208E+01
 0.059    0.1209E+01
 0.060    0.1210E+01
 0.061    0.1211E+01
 0.062    0.1212E+01
 0.063    0.1212E+01
 0.064    0.1212E+01
 0.065    0.1212E+01
 0.066    0.1212E+01
 0.067    0.1211E+01
 0.068    0.1210E+01
 0.069    0.1209E+01
 0.070    0.1207E+01
 0.071    0.1205E+01
 0.072    0.1203E+01
 0.073    0.1201E+01
 0.074    0.1198E+01
 0.075    0.1195E+01
 0.076    0.1192E+01
 0.077    0.1188E+01
 0.078    0.1184E+01
 0.079    0.1180E+01
 0.080    0.1175E+01
 0.081    0.1170E+01
 0.082    0.1165E+01
 0.083    0.1160E+01
 0.084    0.1154E+01
 0.085    0.1147E+01
 0.086    0.1141E+01
 0.087    0.1134E+01
 0.088    0.1127E+01
 0.089    0.1120E+01
 0.090    0.1112E+01
 0.091    0.1104E+01
 0.092    0.1096E+01
 0.093    0.1087E+01
 0.094    0.1078E+01
 0.095    0.1068E+01
 0.096    0.1060E+01
 0.097    0.1048E+01
 0.098    0.1038E+01
 0.099    0.1039E+01
 0.100    0.1040E+01
 0.101    0.1031E+01
 0.102    0.1022E+01
 0.103    0.1012E+01
 0.104    0.1002E+01
 0.105    0.9918E+00
 0.106    0.9817E+00
 0.107    0.9713E+00
 0.108    0.9606E+00
 0.109    0.9499E+00
 0.110    0.9390E+00
 0.111    0.9280E+00
 0.112    0.9169E+00
 0.113    0.9058E+00
 0.114    0.8946E+00
 0.115    0.8833E+00
 0.116    0.8718E+00
 0.117    0.8603E+00
 0.118    0.8487E+00
 0.119    0.8370E+00
 0.120    0.8253E+00
 0.121    0.8136E+00
 0.122    0.8019E+00
 0.123    0.7902E+00
 0.124    0.7785E+00
 0.125    0.7668E+00
 0.126    0.7551E+00
 0.127    0.7434E+00
 0.128    0.7317E+00
 0.129    0.7201E+00
 0.130    0.7085E+00
 0.131    0.6969E+00
 0.132    0.6854E+00
 0.133    0.6740E+00
 0.134    0.6626E+00
 0.135    0.6514E+00
 0.136    0.6402E+00
 0.137    0.6290E+00
 0.138    0.6179E+00
 0.139    0.6068E+00
 0.140    0.5959E+00
 0.141    0.5850E+00
 0.142    0.5742E+00
 0.143    0.5636E+00
 0.144    0.5531E+00
 0.145    0.5427E+00
 0.146    0.5324E+00
 0.147    0.5222E+00
 0.148    0.5122E+00
 0.149    0.5022E+00
 0.150    0.4924E+00
 0.151    0.4827E+00
 0.152    0.4731E+00
 0.153    0.4636E+00
 0.154    0.4543E+00
 0.155    0.4450E+00
 0.156    0.4359E+00
 0.157    0.4270E+00
 0.158    0.4181E+00
 0.159    0.4095E+00
 0.160    0.4009E+00
 0.161    0.3925E+00
 0.162    0.3842E+00
 0.163    0.3760E+00
 0.164    0.3680E+00
 0.165    0.3600E+00
 0.166    0.3522E+00
 0.167    0.3445E+00
 0.168    0.3370E+00
 0.169    0.3296E+00
 0.170    0.3223E+00
 0.171    0.3151E+00
 0.172    0.3081E+00
 0.173    0.3012E+00
 0.174    0.2945E+00
 0.175    0.2878E+00
 0.176    0.2813E+00
 0.177    0.2749E+00
 0.178    0.2686E+00
 0.179    0.2624E+00
 0.180    0.2564E+00
 0.181    0.2504E+00
 0.182    0.2446E+00
 0.183    0.2389E+00
 0.184    0.2332E+00
 0.185    0.2277E+00
 0.186    0.2224E+00
 0.187    0.2171E+00
 0.188    0.2120E+00
 0.189    0.2069E+00
 0.190    0.2020E+00
 0.191    0.1972E+00
 0.192    0.1924E+00
 0.193    0.1878E+00
 0.194    0.1833E+00
 0.195    0.1788E+00
 0.196    0.1745E+00
 0.197    0.1702E+00
 0.198    0.1660E+00
 0.199    0.1620E+00
 0.200    0.1580E+00
 0.201    0.1541E+00
 0.202    0.1503E+00
 0.203    0.1466E+00
 0.204    0.1430E+00
 0.205    0.1395E+00
 0.206    0.1361E+00
 0.207    0.1327E+00
 0.208    0.1294E+00
 0.209    0.1262E+00
 0.210    0.1231E+00
 0.211    0.1201E+00
 0.212    0.1171E+00
 0.213    0.1142E+00
 0.214    0.1113E+00
 0.215    0.1086E+00
 0.216    0.1059E+00
 0.217    0.1033E+00
 0.218    0.1008E+00
 0.219    0.9827E-01
 0.220    0.9586E-01
 0.221    0.9352E-01
 0.222    0.9126E-01
 0.223    0.8907E-01
 0.224    0.8693E-01
 0.225    0.8484E-01
 0.226    0.8281E-01
 0.227    0.8084E-01
 0.228    0.7894E-01
 0.229    0.7709E-01
 0.230    0.7531E-01
 0.231    0.7359E-01
 0.232    0.7191E-01
 0.233    0.7027E-01
 0.234    0.6868E-01
 0.235    0.6714E-01
 0.236    0.6566E-01
 0.237    0.6423E-01
 0.238    0.6286E-01
 0.239    0.6154E-01
 0.240    0.6026E-01
 0.241    0.5902E-01
 0.242    0.5781E-01
 0.243    0.5665E-01
 0.244    0.5553E-01
 0.245    0.5446E-01
 0.246    0.5344E-01
 0.247    0.5246E-01
 0.248    0.5151E-01
 0.249    0.5059E-01
 0.250    0.4969E-01
 0.251    0.4883E-01
 0.252    0.4800E-01
 0.253    0.4720E-01
 0.254    0.4644E-01
 0.255    0.4573E-01
 0.256    0.4506E-01
 0.257    0.4440E-01
 0.258    0.4375E-01
 0.259    0.4312E-01
 0.260    0.4251E-01
 0.261    0.4193E-01
 0.262    0.4137E-01
 0.263    0.4085E-01
 0.264    0.4035E-01
 0.265    0.3988E-01
 0.266    0.3941E-01
 0.267    0.3895E-01
 0.268    0.3850E-01
 0.269    0.3806E-01
 0.270    0.3764E-01
 0.271    0.3722E-01
 0.272    0.3683E-01
 0.273    0.3645E-01
 0.274    0.3610E-01
 0.275    0.3575E-01
 0.276    0.3540E-01
 0.277    0.3505E-01
 0.278    0.3470E-01
 0.279    0.3436E-01
 0.280    0.3402E-01
 0.281    0.3369E-01
 0.282    0.3336E-01
 0.283    0.3304E-01
 0.284    0.3273E-01
 0.285    0.3242E-01
 0.286    0.3210E-01
 0.287    0.3179E-01
 0.288    0.3148E-01
 0.289    0.3117E-01
 0.290    0.3086E-01
 0.291    0.3055E-01
 0.292    0.3023E-01
 0.293    0.2992E-01
 0.294    0.2960E-01
 0.295    0.2929E-01
 0.296    0.2897E-01
 0.297    0.2866E-01
 0.298    0.2835E-01
 0.299    0.2803E-01
 0.300    0.2771E-01
 0.301    0.2739E-01
 0.302    0.2707E-01
 0.303    0.2675E-01
 0.304    0.2642E-01
 0.305    0.2609E-01
 0.306    0.2576E-01
 0.307    0.2543E-01
 0.308    0.2509E-01
 0.309    0.2476E-01
 0.310    0.2442E-01
 0.311    0.2409E-01
 0.312    0.2375E-01
 0.313    0.2342E-01
 0.314    0.2308E-01
 0.315    0.2275E-01
 0.316    0.2241E-01
 0.317    0.2207E-01
 0.318    0.2174E-01
 0.319    0.2140E-01
 0.320    0.2106E-01
 0.321    0.2072E-01
 0.322    0.2039E-01
 0.323    0.2005E-01
 0.324    0.1971E-01
 0.325    0.1938E-01
 0.326    0.1904E-01
 0.327    0.1871E-01
 0.328    0.1838E-01
 0.329    0.1806E-01
 0.330    0.1774E-01
 0.331    0.1742E-01
 0.332    0.1711E-01
 0.333    0.1679E-01
 0.334    0.1648E-01
 0.335    0.1617E-01
 0.336    0.1586E-01
 0.337    0.1555E-01
 0.338    0.1525E-01
 0.339    0.1495E-01
 0.340    0.1465E-01
 0.341    0.1436E-01
 0.342    0.1407E-01
 0.343    0.1379E-01
 0.344    0.1351E-01
 0.345    0.1323E-01
 0.346    0.1295E-01
 0.347    0.1268E-01
 0.348    0.1241E-01
 0.349    0.1215E-01
 0.350    0.1189E-01
 0.351    0.1163E-01
 0.352    0.1138E-01
 0.353    0.1113E-01
 0.354    0.1088E-01
 0.355    0.1064E-01
 0.356    0.1040E-01
 0.357    0.1017E-01
 0.358    0.9944E-02
 0.359    0.9720E-02
 0.360    0.9499E-02
 0.361    0.9281E-02
 0.362    0.9068E-02
 0.363    0.8858E-02
 0.364    0.8652E-02
 0.365    0.8449E-02
 0.366    0.8251E-02
 0.367    0.8056E-02
 0.368    0.7865E-02
 0.369    0.7678E-02
 0.370    0.7495E-02
 0.371    0.7315E-02
 0.372    0.7140E-02
 0.373    0.6969E-02
 0.374    0.6802E-02
 0.375    0.6638E-02
 0.376    0.6477E-02
 0.377    0.6319E-02
 0.378    0.6164E-02
 0.379    0.6012E-02
 0.380    0.5863E-02
 0.381    0.5718E-02
 0.382    0.5576E-02
 0.383    0.5437E-02
 0.384    0.5302E-02
 0.385    0.5170E-02
 0.386    0.5042E-02
 0.387    0.4919E-02
 0.388    0.4798E-02
 0.389    0.4679E-02
 0.390    0.4563E-02
 0.391    0.4448E-02
 0.392    0.4336E-02
 0.393    0.4226E-02
 0.394    0.4118E-02
 0.395    0.4013E-02
 0.396    0.3911E-02
 0.397    0.3812E-02
 0.398    0.3716E-02
 0.399    0.3622E-02
 0.400    0.3532E-02
 0.401    0.3446E-02
 0.402    0.3361E-02
 0.403    0.3278E-02
 0.404    0.3196E-02
 0.405    0.3115E-02
 0.406    0.3036E-02
 0.407    0.2958E-02
 0.408    0.2883E-02
 0.409    0.2809E-02
 0.410    0.2737E-02
 0.411    0.2667E-02
 0.412    0.2599E-02
 0.413    0.2534E-02
 0.414    0.2471E-02
 0.415    0.2411E-02
 0.416    0.2352E-02
 0.417    0.2294E-02
 0.418    0.2237E-02
 0.419    0.2181E-02
 0.420    0.2125E-02
 0.421    0.2071E-02
 0.422    0.2018E-02
 0.423    0.1966E-02
 0.424    0.1915E-02
 0.425    0.1866E-02
 0.426    0.1818E-02
 0.427    0.1772E-02
 0.428    0.1728E-02
 0.429    0.1685E-02
 0.430    0.1644E-02
 0.431    0.1603E-02
 0.432    0.1564E-02
 0.433    0.1524E-02
 0.434    0.1486E-02
 0.435    0.1448E-02
 0.436    0.1410E-02
 0.437    0.1374E-02
 0.438    0.1338E-02
 0.439    0.1304E-02
 0.440    0.1270E-02
 0.441    0.1237E-02
 0.442    0.1205E-02
 0.443    0.1175E-02
 0.444    0.1145E-02
 0.445    0.1117E-02
 0.446    0.1090E-02
 0.447    0.1062E-02
 0.448    0.1036E-02
 0.449    0.1009E-02
