 0.001    0.8597E+00
 0.002    0.9077E+00
 0.003    0.9225E+00
 0.004    0.9332E+00
 0.005    0.9416E+00
 0.006    0.9488E+00
 0.007    0.9551E+00
 0.008    0.9611E+00
 0.009    0.9666E+00
 0.010    0.9715E+00
 0.011    0.9765E+00
 0.012    0.9812E+00
 0.013    0.9859E+00
 0.014    0.9900E+00
 0.015    0.9943E+00
 0.016    0.9983E+00
 0.017    0.1003E+01
 0.018    0.1007E+01
 0.019    0.1010E+01
 0.020    0.1014E+01
 0.021    0.1018E+01
 0.022    0.1021E+01
 0.023    0.1025E+01
 0.024    0.1028E+01
 0.025    0.1032E+01
 0.026    0.1036E+01
 0.027    0.1039E+01
 0.028    0.1042E+01
 0.029    0.1046E+01
 0.030    0.1049E+01
 0.031    0.1053E+01
 0.032    0.1055E+01
 0.033    0.1058E+01
 0.034    0.1061E+01
 0.035    0.1064E+01
 0.036    0.1067E+01
 0.037    0.1071E+01
 0.038    0.1073E+01
 0.039    0.1076E+01
 0.040    0.1079E+01
 0.041    0.1082E+01
 0.042    0.1085E+01
 0.043    0.1087E+01
 0.044    0.1090E+01
 0.045    0.1092E+01
 0.046    0.1095E+01
 0.047    0.1097E+01
 0.048    0.1099E+01
 0.049    0.1101E+01
 0.050    0.1104E+01
 0.051    0.1106E+01
 0.052    0.1108E+01
 0.053    0.1110E+01
 0.054    0.1112E+01
 0.055    0.1114E+01
 0.056    0.1116E+01
 0.057    0.1117E+01
 0.058    0.1119E+01
 0.059    0.1121E+01
 0.060    0.1123E+01
 0.061    0.1124E+01
 0.062    0.1125E+01
 0.063    0.1126E+01
 0.064    0.1127E+01
 0.065    0.1129E+01
 0.066    0.1129E+01
 0.067    0.1130E+01
 0.068    0.1131E+01
 0.069    0.1131E+01
 0.070    0.1132E+01
 0.071    0.1132E+01
 0.072    0.1133E+01
 0.073    0.1133E+01
 0.074    0.1133E+01
 0.075    0.1133E+01
 0.076    0.1133E+01
 0.077    0.1133E+01
 0.078    0.1133E+01
 0.079    0.1133E+01
 0.080    0.1132E+01
 0.081    0.1132E+01
 0.082    0.1131E+01
 0.083    0.1130E+01
 0.084    0.1129E+01
 0.085    0.1128E+01
 0.086    0.1127E+01
 0.087    0.1126E+01
 0.088    0.1125E+01
 0.089    0.1123E+01
 0.090    0.1121E+01
 0.091    0.1120E+01
 0.092    0.1118E+01
 0.093    0.1116E+01
 0.094    0.1114E+01
 0.095    0.1112E+01
 0.096    0.1110E+01
 0.097    0.1108E+01
 0.098    0.1106E+01
 0.099    0.1103E+01
 0.100    0.1101E+01
 0.101    0.1098E+01
 0.102    0.1095E+01
 0.103    0.1093E+01
 0.104    0.1090E+01
 0.105    0.1087E+01
 0.106    0.1084E+01
 0.107    0.1081E+01
 0.108    0.1078E+01
 0.109    0.1074E+01
 0.110    0.1071E+01
 0.111    0.1067E+01
 0.112    0.1064E+01
 0.113    0.1060E+01
 0.114    0.1056E+01
 0.115    0.1053E+01
 0.116    0.1049E+01
 0.117    0.1045E+01
 0.118    0.1041E+01
 0.119    0.1037E+01
 0.120    0.1033E+01
 0.121    0.1029E+01
 0.122    0.1025E+01
 0.123    0.1021E+01
 0.124    0.1017E+01
 0.125    0.1012E+01
 0.126    0.1008E+01
 0.127    0.1004E+01
 0.128    0.9995E+00
 0.129    0.9947E+00
 0.130    0.9904E+00
 0.131    0.9859E+00
 0.132    0.9814E+00
 0.133    0.9767E+00
 0.134    0.9718E+00
 0.135    0.9672E+00
 0.136    0.9624E+00
 0.137    0.9579E+00
 0.138    0.9529E+00
 0.139    0.9480E+00
 0.140    0.9431E+00
 0.141    0.9384E+00
 0.142    0.9335E+00
 0.143    0.9284E+00
 0.144    0.9234E+00
 0.145    0.9184E+00
 0.146    0.9133E+00
 0.147    0.9082E+00
 0.148    0.9034E+00
 0.149    0.8980E+00
 0.150    0.8928E+00
 0.151    0.8878E+00
 0.152    0.8825E+00
 0.153    0.8773E+00
 0.154    0.8721E+00
 0.155    0.8667E+00
 0.156    0.8614E+00
 0.157    0.8561E+00
 0.158    0.8506E+00
 0.159    0.8454E+00
 0.160    0.8400E+00
 0.161    0.8345E+00
 0.162    0.8291E+00
 0.163    0.8236E+00
 0.164    0.8182E+00
 0.165    0.8127E+00
 0.166    0.8072E+00
 0.167    0.8017E+00
 0.168    0.7960E+00
 0.169    0.7906E+00
 0.170    0.7850E+00
 0.171    0.7793E+00
 0.172    0.7739E+00
 0.173    0.7682E+00
 0.174    0.7629E+00
 0.175    0.7573E+00
 0.176    0.7514E+00
 0.177    0.7458E+00
 0.178    0.7403E+00
 0.179    0.7347E+00
 0.180    0.7291E+00
 0.181    0.7235E+00
 0.182    0.7180E+00
 0.183    0.7123E+00
 0.184    0.7064E+00
 0.185    0.7009E+00
 0.186    0.6952E+00
 0.187    0.6897E+00
 0.188    0.6840E+00
 0.189    0.6779E+00
 0.190    0.6727E+00
 0.191    0.6666E+00
 0.192    0.6609E+00
 0.193    0.6552E+00
 0.194    0.6494E+00
 0.195    0.6456E+00
 0.196    0.6449E+00
 0.197    0.6442E+00
 0.198    0.6405E+00
 0.199    0.6354E+00
 0.200    0.6301E+00
 0.201    0.6248E+00
 0.202    0.6196E+00
 0.203    0.6144E+00
 0.204    0.6092E+00
 0.205    0.6041E+00
 0.206    0.5990E+00
 0.207    0.5939E+00
 0.208    0.5887E+00
 0.209    0.5837E+00
 0.210    0.5786E+00
 0.211    0.5736E+00
 0.212    0.5686E+00
 0.213    0.5636E+00
 0.214    0.5587E+00
 0.215    0.5538E+00
 0.216    0.5489E+00
 0.217    0.5440E+00
 0.218    0.5392E+00
 0.219    0.5344E+00
 0.220    0.5296E+00
 0.221    0.5249E+00
 0.222    0.5202E+00
 0.223    0.5156E+00
 0.224    0.5109E+00
 0.225    0.5063E+00
 0.226    0.5018E+00
 0.227    0.4973E+00
 0.228    0.4928E+00
 0.229    0.4884E+00
 0.230    0.4840E+00
 0.231    0.4796E+00
 0.232    0.4753E+00
 0.233    0.4710E+00
 0.234    0.4667E+00
 0.235    0.4625E+00
 0.236    0.4583E+00
 0.237    0.4541E+00
 0.238    0.4500E+00
 0.239    0.4460E+00
 0.240    0.4419E+00
 0.241    0.4379E+00
 0.242    0.4340E+00
 0.243    0.4301E+00
 0.244    0.4262E+00
 0.245    0.4224E+00
 0.246    0.4186E+00
 0.247    0.4148E+00
 0.248    0.4111E+00
 0.249    0.4074E+00
 0.250    0.4038E+00
 0.251    0.4001E+00
 0.252    0.3965E+00
 0.253    0.3930E+00
 0.254    0.3895E+00
 0.255    0.3860E+00
 0.256    0.3826E+00
 0.257    0.3791E+00
 0.258    0.3758E+00
 0.259    0.3724E+00
 0.260    0.3691E+00
 0.261    0.3658E+00
 0.262    0.3626E+00
 0.263    0.3594E+00
 0.264    0.3563E+00
 0.265    0.3531E+00
 0.266    0.3500E+00
 0.267    0.3469E+00
 0.268    0.3439E+00
 0.269    0.3409E+00
 0.270    0.3379E+00
 0.271    0.3350E+00
 0.272    0.3320E+00
 0.273    0.3291E+00
 0.274    0.3263E+00
 0.275    0.3234E+00
 0.276    0.3206E+00
 0.277    0.3178E+00
 0.278    0.3151E+00
 0.279    0.3123E+00
 0.280    0.3096E+00
 0.281    0.3070E+00
 0.282    0.3043E+00
 0.283    0.3017E+00
 0.284    0.2991E+00
 0.285    0.2965E+00
 0.286    0.2939E+00
 0.287    0.2914E+00
 0.288    0.2889E+00
 0.289    0.2864E+00
 0.290    0.2840E+00
 0.291    0.2815E+00
 0.292    0.2791E+00
 0.293    0.2767E+00
 0.294    0.2743E+00
 0.295    0.2719E+00
 0.296    0.2696E+00
 0.297    0.2673E+00
 0.298    0.2650E+00
 0.299    0.2627E+00
 0.300    0.2604E+00
 0.301    0.2582E+00
 0.302    0.2559E+00
 0.303    0.2537E+00
 0.304    0.2515E+00
 0.305    0.2493E+00
 0.306    0.2472E+00
 0.307    0.2451E+00
 0.308    0.2429E+00
 0.309    0.2408E+00
 0.310    0.2387E+00
 0.311    0.2366E+00
 0.312    0.2346E+00
 0.313    0.2325E+00
 0.314    0.2305E+00
 0.315    0.2285E+00
 0.316    0.2264E+00
 0.317    0.2244E+00
 0.318    0.2225E+00
 0.319    0.2205E+00
 0.320    0.2185E+00
 0.321    0.2165E+00
 0.322    0.2146E+00
 0.323    0.2126E+00
 0.324    0.2107E+00
 0.325    0.2088E+00
 0.326    0.2069E+00
 0.327    0.2050E+00
 0.328    0.2031E+00
 0.329    0.2013E+00
 0.330    0.1994E+00
 0.331    0.1976E+00
 0.332    0.1957E+00
 0.333    0.1939E+00
 0.334    0.1921E+00
 0.335    0.1903E+00
 0.336    0.1885E+00
 0.337    0.1867E+00
 0.338    0.1849E+00
 0.339    0.1831E+00
 0.340    0.1813E+00
 0.341    0.1796E+00
 0.342    0.1778E+00
 0.343    0.1761E+00
 0.344    0.1743E+00
 0.345    0.1726E+00
 0.346    0.1708E+00
 0.347    0.1691E+00
 0.348    0.1674E+00
 0.349    0.1657E+00
 0.350    0.1640E+00
 0.351    0.1623E+00
 0.352    0.1606E+00
 0.353    0.1589E+00
 0.354    0.1573E+00
 0.355    0.1556E+00
 0.356    0.1539E+00
 0.357    0.1523E+00
 0.358    0.1507E+00
 0.359    0.1490E+00
 0.360    0.1474E+00
 0.361    0.1458E+00
 0.362    0.1442E+00
 0.363    0.1426E+00
 0.364    0.1411E+00
 0.365    0.1395E+00
 0.366    0.1379E+00
 0.367    0.1364E+00
 0.368    0.1348E+00
 0.369    0.1333E+00
 0.370    0.1318E+00
 0.371    0.1303E+00
 0.372    0.1288E+00
 0.373    0.1273E+00
 0.374    0.1258E+00
 0.375    0.1243E+00
 0.376    0.1229E+00
 0.377    0.1214E+00
 0.378    0.1200E+00
 0.379    0.1185E+00
 0.380    0.1171E+00
 0.381    0.1157E+00
 0.382    0.1143E+00
 0.383    0.1129E+00
 0.384    0.1115E+00
 0.385    0.1102E+00
 0.386    0.1088E+00
 0.387    0.1075E+00
 0.388    0.1062E+00
 0.389    0.1048E+00
 0.390    0.1035E+00
 0.391    0.1022E+00
 0.392    0.1010E+00
 0.393    0.9969E-01
 0.394    0.9843E-01
 0.395    0.9717E-01
 0.396    0.9594E-01
 0.397    0.9471E-01
 0.398    0.9350E-01
 0.399    0.9229E-01
 0.400    0.9111E-01
 0.401    0.8993E-01
 0.402    0.8876E-01
 0.403    0.8761E-01
 0.404    0.8647E-01
 0.405    0.8534E-01
 0.406    0.8422E-01
 0.407    0.8312E-01
 0.408    0.8202E-01
 0.409    0.8094E-01
 0.410    0.7987E-01
 0.411    0.7881E-01
 0.412    0.7777E-01
 0.413    0.7673E-01
 0.414    0.7571E-01
 0.415    0.7470E-01
 0.416    0.7370E-01
 0.417    0.7271E-01
 0.418    0.7174E-01
 0.419    0.7077E-01
 0.420    0.6982E-01
 0.421    0.6887E-01
 0.422    0.6794E-01
 0.423    0.6702E-01
 0.424    0.6610E-01
 0.425    0.6520E-01
 0.426    0.6431E-01
 0.427    0.6343E-01
 0.428    0.6256E-01
 0.429    0.6170E-01
 0.430    0.6085E-01
 0.431    0.6001E-01
 0.432    0.5919E-01
 0.433    0.5838E-01
 0.434    0.5757E-01
 0.435    0.5678E-01
 0.436    0.5599E-01
 0.437    0.5521E-01
 0.438    0.5444E-01
 0.439    0.5369E-01
 0.440    0.5294E-01
 0.441    0.5220E-01
 0.442    0.5147E-01
 0.443    0.5075E-01
 0.444    0.5004E-01
 0.445    0.4934E-01
 0.446    0.4865E-01
 0.447    0.4798E-01
 0.448    0.4730E-01
 0.449    0.4664E-01
 0.450    0.4598E-01
 0.451    0.4533E-01
 0.452    0.4469E-01
 0.453    0.4406E-01
 0.454    0.4343E-01
 0.455    0.4281E-01
 0.456    0.4220E-01
 0.457    0.4161E-01
 0.458    0.4101E-01
 0.459    0.4043E-01
 0.460    0.3986E-01
 0.461    0.3930E-01
 0.462    0.3874E-01
 0.463    0.3819E-01
 0.464    0.3765E-01
 0.465    0.3711E-01
 0.466    0.3658E-01
 0.467    0.3605E-01
 0.468    0.3553E-01
 0.469    0.3502E-01
 0.470    0.3452E-01
 0.471    0.3402E-01
 0.472    0.3353E-01
 0.473    0.3305E-01
 0.474    0.3258E-01
 0.475    0.3212E-01
 0.476    0.3166E-01
 0.477    0.3120E-01
 0.478    0.3075E-01
 0.479    0.3031E-01
 0.480    0.2987E-01
 0.481    0.2944E-01
 0.482    0.2901E-01
 0.483    0.2858E-01
 0.484    0.2817E-01
 0.485    0.2776E-01
 0.486    0.2735E-01
 0.487    0.2695E-01
 0.488    0.2656E-01
 0.489    0.2618E-01
 0.490    0.2580E-01
 0.491    0.2543E-01
 0.492    0.2506E-01
 0.493    0.2469E-01
 0.494    0.2433E-01
 0.495    0.2398E-01
 0.496    0.2363E-01
 0.497    0.2328E-01
 0.498    0.2294E-01
 0.499    0.2260E-01
 0.500    0.2226E-01
 0.501    0.2194E-01
 0.502    0.2161E-01
 0.503    0.2130E-01
 0.504    0.2098E-01
 0.505    0.2068E-01
 0.506    0.2038E-01
 0.507    0.2008E-01
 0.508    0.1978E-01
 0.509    0.1949E-01
 0.510    0.1920E-01
 0.511    0.1892E-01
 0.512    0.1864E-01
 0.513    0.1836E-01
 0.514    0.1809E-01
 0.515    0.1782E-01
 0.516    0.1755E-01
 0.517    0.1729E-01
 0.518    0.1703E-01
 0.519    0.1678E-01
 0.520    0.1653E-01
 0.521    0.1628E-01
 0.522    0.1604E-01
 0.523    0.1581E-01
 0.524    0.1557E-01
 0.525    0.1534E-01
 0.526    0.1511E-01
 0.527    0.1489E-01
 0.528    0.1466E-01
 0.529    0.1444E-01
 0.530    0.1422E-01
 0.531    0.1401E-01
 0.532    0.1379E-01
 0.533    0.1359E-01
 0.534    0.1338E-01
 0.535    0.1318E-01
 0.536    0.1298E-01
 0.537    0.1279E-01
 0.538    0.1260E-01
 0.539    0.1241E-01
 0.540    0.1222E-01
 0.541    0.1204E-01
 0.542    0.1186E-01
 0.543    0.1168E-01
 0.544    0.1150E-01
 0.545    0.1132E-01
 0.546    0.1115E-01
 0.547    0.1098E-01
 0.548    0.1081E-01
 0.549    0.1065E-01
 0.550    0.1048E-01
 0.551    0.1032E-01
 0.552    0.1016E-01
 0.553    0.1001E-01
 0.554    0.9859E-02
 0.555    0.9710E-02
 0.556    0.9564E-02
 0.557    0.9420E-02
 0.558    0.9277E-02
 0.559    0.9135E-02
 0.560    0.8996E-02
 0.561    0.8857E-02
 0.562    0.8721E-02
 0.563    0.8586E-02
 0.564    0.8453E-02
 0.565    0.8322E-02
 0.566    0.8193E-02
 0.567    0.8066E-02
 0.568    0.7941E-02
 0.569    0.7818E-02
 0.570    0.7698E-02
 0.571    0.7579E-02
 0.572    0.7464E-02
 0.573    0.7350E-02
 0.574    0.7238E-02
 0.575    0.7128E-02
 0.576    0.7018E-02
 0.577    0.6909E-02
 0.578    0.6802E-02
 0.579    0.6696E-02
 0.580    0.6591E-02
 0.581    0.6488E-02
 0.582    0.6386E-02
 0.583    0.6286E-02
 0.584    0.6187E-02
 0.585    0.6089E-02
 0.586    0.5994E-02
 0.587    0.5900E-02
 0.588    0.5807E-02
 0.589    0.5717E-02
 0.590    0.5629E-02
 0.591    0.5542E-02
 0.592    0.5457E-02
 0.593    0.5373E-02
 0.594    0.5289E-02
 0.595    0.5207E-02
 0.596    0.5125E-02
 0.597    0.5044E-02
 0.598    0.4965E-02
 0.599    0.4886E-02
 0.600    0.4808E-02
 0.601    0.4732E-02
 0.602    0.4657E-02
 0.603    0.4583E-02
 0.604    0.4510E-02
 0.605    0.4438E-02
 0.606    0.4368E-02
 0.607    0.4299E-02
 0.608    0.4232E-02
 0.609    0.4166E-02
 0.610    0.4101E-02
 0.611    0.4038E-02
 0.612    0.3975E-02
 0.613    0.3913E-02
 0.614    0.3851E-02
 0.615    0.3790E-02
 0.616    0.3730E-02
 0.617    0.3670E-02
 0.618    0.3612E-02
 0.619    0.3554E-02
 0.620    0.3497E-02
 0.621    0.3440E-02
 0.622    0.3385E-02
 0.623    0.3331E-02
 0.624    0.3277E-02
 0.625    0.3225E-02
 0.626    0.3173E-02
 0.627    0.3123E-02
 0.628    0.3074E-02
 0.629    0.3026E-02
 0.630    0.2978E-02
 0.631    0.2932E-02
 0.632    0.2885E-02
 0.633    0.2840E-02
 0.634    0.2794E-02
 0.635    0.2749E-02
 0.636    0.2705E-02
 0.637    0.2661E-02
 0.638    0.2618E-02
 0.639    0.2575E-02
 0.640    0.2534E-02
 0.641    0.2492E-02
 0.642    0.2452E-02
 0.643    0.2412E-02
 0.644    0.2372E-02
 0.645    0.2334E-02
 0.646    0.2296E-02
 0.647    0.2259E-02
 0.648    0.2223E-02
 0.649    0.2188E-02
 0.650    0.2154E-02
 0.651    0.2120E-02
 0.652    0.2086E-02
 0.653    0.2052E-02
 0.654    0.2019E-02
 0.655    0.1986E-02
 0.656    0.1954E-02
 0.657    0.1922E-02
 0.658    0.1890E-02
 0.659    0.1859E-02
 0.660    0.1829E-02
 0.661    0.1798E-02
 0.662    0.1769E-02
 0.663    0.1739E-02
 0.664    0.1711E-02
 0.665    0.1683E-02
 0.666    0.1655E-02
 0.667    0.1628E-02
 0.668    0.1602E-02
 0.669    0.1576E-02
 0.670    0.1551E-02
 0.671    0.1527E-02
 0.672    0.1502E-02
 0.673    0.1478E-02
 0.674    0.1454E-02
 0.675    0.1430E-02
 0.676    0.1407E-02
 0.677    0.1384E-02
 0.678    0.1361E-02
 0.679    0.1338E-02
 0.680    0.1316E-02
 0.681    0.1294E-02
 0.682    0.1273E-02
 0.683    0.1251E-02
 0.684    0.1231E-02
 0.685    0.1210E-02
 0.686    0.1190E-02
 0.687    0.1170E-02
 0.688    0.1151E-02
 0.689    0.1132E-02
 0.690    0.1114E-02
 0.691    0.1096E-02
 0.692    0.1079E-02
 0.693    0.1061E-02
 0.694    0.1044E-02
 0.695    0.1027E-02
 0.696    0.1010E-02
