 0.001    0.8421E+00
 0.002    0.8979E+00
 0.003    0.9137E+00
 0.004    0.9243E+00
 0.005    0.9326E+00
 0.006    0.9398E+00
 0.007    0.9460E+00
 0.008    0.9517E+00
 0.009    0.9571E+00
 0.010    0.9622E+00
 0.011    0.9667E+00
 0.012    0.9712E+00
 0.013    0.9756E+00
 0.014    0.9798E+00
 0.015    0.9840E+00
 0.016    0.9878E+00
 0.017    0.9916E+00
 0.018    0.9954E+00
 0.019    0.9990E+00
 0.020    0.1003E+01
 0.021    0.1007E+01
 0.022    0.1010E+01
 0.023    0.1013E+01
 0.024    0.1017E+01
 0.025    0.1020E+01
 0.026    0.1023E+01
 0.027    0.1026E+01
 0.028    0.1030E+01
 0.029    0.1033E+01
 0.030    0.1036E+01
 0.031    0.1039E+01
 0.032    0.1042E+01
 0.033    0.1045E+01
 0.034    0.1048E+01
 0.035    0.1051E+01
 0.036    0.1054E+01
 0.037    0.1057E+01
 0.038    0.1060E+01
 0.039    0.1062E+01
 0.040    0.1065E+01
 0.041    0.1068E+01
 0.042    0.1071E+01
 0.043    0.1074E+01
 0.044    0.1076E+01
 0.045    0.1079E+01
 0.046    0.1082E+01
 0.047    0.1084E+01
 0.048    0.1087E+01
 0.049    0.1089E+01
 0.050    0.1092E+01
 0.051    0.1094E+01
 0.052    0.1096E+01
 0.053    0.1099E+01
 0.054    0.1101E+01
 0.055    0.1103E+01
 0.056    0.1105E+01
 0.057    0.1107E+01
 0.058    0.1110E+01
 0.059    0.1112E+01
 0.060    0.1114E+01
 0.061    0.1116E+01
 0.062    0.1118E+01
 0.063    0.1120E+01
 0.064    0.1122E+01
 0.065    0.1124E+01
 0.066    0.1126E+01
 0.067    0.1128E+01
 0.068    0.1130E+01
 0.069    0.1132E+01
 0.070    0.1133E+01
 0.071    0.1134E+01
 0.072    0.1136E+01
 0.073    0.1138E+01
 0.074    0.1139E+01
 0.075    0.1141E+01
 0.076    0.1142E+01
 0.077    0.1143E+01
 0.078    0.1145E+01
 0.079    0.1146E+01
 0.080    0.1147E+01
 0.081    0.1149E+01
 0.082    0.1149E+01
 0.083    0.1151E+01
 0.084    0.1152E+01
 0.085    0.1153E+01
 0.086    0.1154E+01
 0.087    0.1155E+01
 0.088    0.1156E+01
 0.089    0.1157E+01
 0.090    0.1157E+01
 0.091    0.1158E+01
 0.092    0.1159E+01
 0.093    0.1160E+01
 0.094    0.1161E+01
 0.095    0.1161E+01
 0.096    0.1162E+01
 0.097    0.1162E+01
 0.098    0.1163E+01
 0.099    0.1163E+01
 0.100    0.1163E+01
 0.101    0.1164E+01
 0.102    0.1164E+01
 0.103    0.1164E+01
 0.104    0.1165E+01
 0.105    0.1165E+01
 0.106    0.1165E+01
 0.107    0.1165E+01
 0.108    0.1165E+01
 0.109    0.1166E+01
 0.110    0.1166E+01
 0.111    0.1166E+01
 0.112    0.1166E+01
 0.113    0.1166E+01
 0.114    0.1166E+01
 0.115    0.1166E+01
 0.116    0.1166E+01
 0.117    0.1165E+01
 0.118    0.1165E+01
 0.119    0.1165E+01
 0.120    0.1165E+01
 0.121    0.1165E+01
 0.122    0.1165E+01
 0.123    0.1164E+01
 0.124    0.1164E+01
 0.125    0.1164E+01
 0.126    0.1163E+01
 0.127    0.1163E+01
 0.128    0.1162E+01
 0.129    0.1162E+01
 0.130    0.1161E+01
 0.131    0.1161E+01
 0.132    0.1160E+01
 0.133    0.1160E+01
 0.134    0.1159E+01
 0.135    0.1158E+01
 0.136    0.1158E+01
 0.137    0.1157E+01
 0.138    0.1156E+01
 0.139    0.1155E+01
 0.140    0.1155E+01
 0.141    0.1154E+01
 0.142    0.1154E+01
 0.143    0.1153E+01
 0.144    0.1152E+01
 0.145    0.1151E+01
 0.146    0.1150E+01
 0.147    0.1149E+01
 0.148    0.1148E+01
 0.149    0.1147E+01
 0.150    0.1146E+01
 0.151    0.1145E+01
 0.152    0.1144E+01
 0.153    0.1143E+01
 0.154    0.1142E+01
 0.155    0.1141E+01
 0.156    0.1139E+01
 0.157    0.1138E+01
 0.158    0.1137E+01
 0.159    0.1135E+01
 0.160    0.1134E+01
 0.161    0.1133E+01
 0.162    0.1131E+01
 0.163    0.1130E+01
 0.164    0.1128E+01
 0.165    0.1127E+01
 0.166    0.1125E+01
 0.167    0.1124E+01
 0.168    0.1122E+01
 0.169    0.1120E+01
 0.170    0.1118E+01
 0.171    0.1117E+01
 0.172    0.1115E+01
 0.173    0.1113E+01
 0.174    0.1111E+01
 0.175    0.1109E+01
 0.176    0.1107E+01
 0.177    0.1105E+01
 0.178    0.1103E+01
 0.179    0.1100E+01
 0.180    0.1098E+01
 0.181    0.1096E+01
 0.182    0.1094E+01
 0.183    0.1091E+01
 0.184    0.1089E+01
 0.185    0.1086E+01
 0.186    0.1084E+01
 0.187    0.1081E+01
 0.188    0.1079E+01
 0.189    0.1076E+01
 0.190    0.1073E+01
 0.191    0.1071E+01
 0.192    0.1068E+01
 0.193    0.1065E+01
 0.194    0.1062E+01
 0.195    0.1059E+01
 0.196    0.1056E+01
 0.197    0.1053E+01
 0.198    0.1050E+01
 0.199    0.1047E+01
 0.200    0.1044E+01
 0.201    0.1041E+01
 0.202    0.1037E+01
 0.203    0.1034E+01
 0.204    0.1031E+01
 0.205    0.1027E+01
 0.206    0.1024E+01
 0.207    0.1020E+01
 0.208    0.1017E+01
 0.209    0.1013E+01
 0.210    0.1010E+01
 0.211    0.1006E+01
 0.212    0.1002E+01
 0.213    0.9987E+00
 0.214    0.9950E+00
 0.215    0.9909E+00
 0.216    0.9873E+00
 0.217    0.9834E+00
 0.218    0.9791E+00
 0.219    0.9749E+00
 0.220    0.9711E+00
 0.221    0.9667E+00
 0.222    0.9624E+00
 0.223    0.9581E+00
 0.224    0.9537E+00
 0.225    0.9495E+00
 0.226    0.9490E+00
 0.227    0.9507E+00
 0.228    0.9517E+00
 0.229    0.9493E+00
 0.230    0.9453E+00
 0.231    0.9413E+00
 0.232    0.9373E+00
 0.233    0.9332E+00
 0.234    0.9291E+00
 0.235    0.9249E+00
 0.236    0.9207E+00
 0.237    0.9165E+00
 0.238    0.9122E+00
 0.239    0.9080E+00
 0.240    0.9038E+00
 0.241    0.8996E+00
 0.242    0.8953E+00
 0.243    0.8910E+00
 0.244    0.8867E+00
 0.245    0.8823E+00
 0.246    0.8779E+00
 0.247    0.8735E+00
 0.248    0.8691E+00
 0.249    0.8647E+00
 0.250    0.8602E+00
 0.251    0.8557E+00
 0.252    0.8512E+00
 0.253    0.8467E+00
 0.254    0.8421E+00
 0.255    0.8376E+00
 0.256    0.8331E+00
 0.257    0.8285E+00
 0.258    0.8240E+00
 0.259    0.8194E+00
 0.260    0.8148E+00
 0.261    0.8103E+00
 0.262    0.8057E+00
 0.263    0.8011E+00
 0.264    0.7965E+00
 0.265    0.7919E+00
 0.266    0.7873E+00
 0.267    0.7828E+00
 0.268    0.7782E+00
 0.269    0.7737E+00
 0.270    0.7692E+00
 0.271    0.7647E+00
 0.272    0.7602E+00
 0.273    0.7557E+00
 0.274    0.7512E+00
 0.275    0.7468E+00
 0.276    0.7423E+00
 0.277    0.7379E+00
 0.278    0.7336E+00
 0.279    0.7292E+00
 0.280    0.7249E+00
 0.281    0.7207E+00
 0.282    0.7164E+00
 0.283    0.7122E+00
 0.284    0.7079E+00
 0.285    0.7037E+00
 0.286    0.6996E+00
 0.287    0.6954E+00
 0.288    0.6913E+00
 0.289    0.6873E+00
 0.290    0.6832E+00
 0.291    0.6792E+00
 0.292    0.6752E+00
 0.293    0.6712E+00
 0.294    0.6673E+00
 0.295    0.6634E+00
 0.296    0.6595E+00
 0.297    0.6556E+00
 0.298    0.6518E+00
 0.299    0.6480E+00
 0.300    0.6443E+00
 0.301    0.6406E+00
 0.302    0.6369E+00
 0.303    0.6332E+00
 0.304    0.6296E+00
 0.305    0.6260E+00
 0.306    0.6225E+00
 0.307    0.6189E+00
 0.308    0.6154E+00
 0.309    0.6119E+00
 0.310    0.6085E+00
 0.311    0.6051E+00
 0.312    0.6017E+00
 0.313    0.5983E+00
 0.314    0.5950E+00
 0.315    0.5917E+00
 0.316    0.5884E+00
 0.317    0.5851E+00
 0.318    0.5819E+00
 0.319    0.5787E+00
 0.320    0.5755E+00
 0.321    0.5724E+00
 0.322    0.5693E+00
 0.323    0.5662E+00
 0.324    0.5631E+00
 0.325    0.5601E+00
 0.326    0.5571E+00
 0.327    0.5541E+00
 0.328    0.5511E+00
 0.329    0.5482E+00
 0.330    0.5453E+00
 0.331    0.5424E+00
 0.332    0.5395E+00
 0.333    0.5367E+00
 0.334    0.5339E+00
 0.335    0.5310E+00
 0.336    0.5283E+00
 0.337    0.5255E+00
 0.338    0.5228E+00
 0.339    0.5200E+00
 0.340    0.5174E+00
 0.341    0.5147E+00
 0.342    0.5121E+00
 0.343    0.5094E+00
 0.344    0.5068E+00
 0.345    0.5042E+00
 0.346    0.5017E+00
 0.347    0.4991E+00
 0.348    0.4966E+00
 0.349    0.4941E+00
 0.350    0.4916E+00
 0.351    0.4891E+00
 0.352    0.4866E+00
 0.353    0.4842E+00
 0.354    0.4817E+00
 0.355    0.4793E+00
 0.356    0.4769E+00
 0.357    0.4745E+00
 0.358    0.4721E+00
 0.359    0.4698E+00
 0.360    0.4674E+00
 0.361    0.4651E+00
 0.362    0.4628E+00
 0.363    0.4605E+00
 0.364    0.4582E+00
 0.365    0.4559E+00
 0.366    0.4536E+00
 0.367    0.4514E+00
 0.368    0.4491E+00
 0.369    0.4469E+00
 0.370    0.4447E+00
 0.371    0.4425E+00
 0.372    0.4403E+00
 0.373    0.4381E+00
 0.374    0.4360E+00
 0.375    0.4338E+00
 0.376    0.4317E+00
 0.377    0.4295E+00
 0.378    0.4274E+00
 0.379    0.4253E+00
 0.380    0.4232E+00
 0.381    0.4211E+00
 0.382    0.4190E+00
 0.383    0.4169E+00
 0.384    0.4149E+00
 0.385    0.4128E+00
 0.386    0.4108E+00
 0.387    0.4088E+00
 0.388    0.4068E+00
 0.389    0.4048E+00
 0.390    0.4028E+00
 0.391    0.4008E+00
 0.392    0.3988E+00
 0.393    0.3968E+00
 0.394    0.3949E+00
 0.395    0.3929E+00
 0.396    0.3910E+00
 0.397    0.3891E+00
 0.398    0.3872E+00
 0.399    0.3853E+00
 0.400    0.3833E+00
 0.401    0.3815E+00
 0.402    0.3796E+00
 0.403    0.3777E+00
 0.404    0.3758E+00
 0.405    0.3740E+00
 0.406    0.3721E+00
 0.407    0.3703E+00
 0.408    0.3685E+00
 0.409    0.3667E+00
 0.410    0.3649E+00
 0.411    0.3631E+00
 0.412    0.3613E+00
 0.413    0.3595E+00
 0.414    0.3577E+00
 0.415    0.3560E+00
 0.416    0.3542E+00
 0.417    0.3525E+00
 0.418    0.3507E+00
 0.419    0.3490E+00
 0.420    0.3473E+00
 0.421    0.3456E+00
 0.422    0.3439E+00
 0.423    0.3422E+00
 0.424    0.3405E+00
 0.425    0.3388E+00
 0.426    0.3372E+00
 0.427    0.3355E+00
 0.428    0.3338E+00
 0.429    0.3322E+00
 0.430    0.3305E+00
 0.431    0.3289E+00
 0.432    0.3273E+00
 0.433    0.3256E+00
 0.434    0.3240E+00
 0.435    0.3224E+00
 0.436    0.3208E+00
 0.437    0.3192E+00
 0.438    0.3176E+00
 0.439    0.3160E+00
 0.440    0.3144E+00
 0.441    0.3128E+00
 0.442    0.3112E+00
 0.443    0.3096E+00
 0.444    0.3080E+00
 0.445    0.3065E+00
 0.446    0.3049E+00
 0.447    0.3033E+00
 0.448    0.3018E+00
 0.449    0.3002E+00
 0.450    0.2987E+00
 0.451    0.2971E+00
 0.452    0.2956E+00
 0.453    0.2940E+00
 0.454    0.2925E+00
 0.455    0.2909E+00
 0.456    0.2894E+00
 0.457    0.2879E+00
 0.458    0.2864E+00
 0.459    0.2848E+00
 0.460    0.2833E+00
 0.461    0.2818E+00
 0.462    0.2803E+00
 0.463    0.2788E+00
 0.464    0.2773E+00
 0.465    0.2758E+00
 0.466    0.2743E+00
 0.467    0.2729E+00
 0.468    0.2714E+00
 0.469    0.2699E+00
 0.470    0.2684E+00
 0.471    0.2670E+00
 0.472    0.2655E+00
 0.473    0.2640E+00
 0.474    0.2626E+00
 0.475    0.2611E+00
 0.476    0.2597E+00
 0.477    0.2582E+00
 0.478    0.2568E+00
 0.479    0.2553E+00
 0.480    0.2539E+00
 0.481    0.2525E+00
 0.482    0.2511E+00
 0.483    0.2496E+00
 0.484    0.2482E+00
 0.485    0.2468E+00
 0.486    0.2454E+00
 0.487    0.2440E+00
 0.488    0.2426E+00
 0.489    0.2412E+00
 0.490    0.2398E+00
 0.491    0.2384E+00
 0.492    0.2370E+00
 0.493    0.2356E+00
 0.494    0.2343E+00
 0.495    0.2329E+00
 0.496    0.2315E+00
 0.497    0.2302E+00
 0.498    0.2288E+00
 0.499    0.2275E+00
 0.500    0.2261E+00
 0.501    0.2248E+00
 0.502    0.2235E+00
 0.503    0.2222E+00
 0.504    0.2208E+00
 0.505    0.2195E+00
 0.506    0.2182E+00
 0.507    0.2169E+00
 0.508    0.2156E+00
 0.509    0.2143E+00
 0.510    0.2130E+00
 0.511    0.2117E+00
 0.512    0.2105E+00
 0.513    0.2092E+00
 0.514    0.2079E+00
 0.515    0.2067E+00
 0.516    0.2054E+00
 0.517    0.2042E+00
 0.518    0.2029E+00
 0.519    0.2017E+00
 0.520    0.2004E+00
 0.521    0.1992E+00
 0.522    0.1980E+00
 0.523    0.1968E+00
 0.524    0.1956E+00
 0.525    0.1943E+00
 0.526    0.1931E+00
 0.527    0.1919E+00
 0.528    0.1908E+00
 0.529    0.1896E+00
 0.530    0.1884E+00
 0.531    0.1872E+00
 0.532    0.1860E+00
 0.533    0.1849E+00
 0.534    0.1837E+00
 0.535    0.1826E+00
 0.536    0.1814E+00
 0.537    0.1803E+00
 0.538    0.1791E+00
 0.539    0.1780E+00
 0.540    0.1769E+00
 0.541    0.1758E+00
 0.542    0.1746E+00
 0.543    0.1735E+00
 0.544    0.1724E+00
 0.545    0.1713E+00
 0.546    0.1702E+00
 0.547    0.1692E+00
 0.548    0.1681E+00
 0.549    0.1670E+00
 0.550    0.1659E+00
 0.551    0.1649E+00
 0.552    0.1638E+00
 0.553    0.1628E+00
 0.554    0.1617E+00
 0.555    0.1607E+00
 0.556    0.1597E+00
 0.557    0.1586E+00
 0.558    0.1576E+00
 0.559    0.1566E+00
 0.560    0.1556E+00
 0.561    0.1545E+00
 0.562    0.1535E+00
 0.563    0.1525E+00
 0.564    0.1516E+00
 0.565    0.1506E+00
 0.566    0.1496E+00
 0.567    0.1486E+00
 0.568    0.1476E+00
 0.569    0.1467E+00
 0.570    0.1457E+00
 0.571    0.1447E+00
 0.572    0.1438E+00
 0.573    0.1429E+00
 0.574    0.1419E+00
 0.575    0.1410E+00
 0.576    0.1401E+00
 0.577    0.1391E+00
 0.578    0.1382E+00
 0.579    0.1373E+00
 0.580    0.1364E+00
 0.581    0.1355E+00
 0.582    0.1346E+00
 0.583    0.1337E+00
 0.584    0.1328E+00
 0.585    0.1319E+00
 0.586    0.1310E+00
 0.587    0.1302E+00
 0.588    0.1293E+00
 0.589    0.1284E+00
 0.590    0.1276E+00
 0.591    0.1267E+00
 0.592    0.1259E+00
 0.593    0.1251E+00
 0.594    0.1242E+00
 0.595    0.1234E+00
 0.596    0.1226E+00
 0.597    0.1217E+00
 0.598    0.1209E+00
 0.599    0.1201E+00
 0.600    0.1193E+00
 0.601    0.1185E+00
 0.602    0.1177E+00
 0.603    0.1169E+00
 0.604    0.1161E+00
 0.605    0.1153E+00
 0.606    0.1146E+00
 0.607    0.1138E+00
 0.608    0.1130E+00
 0.609    0.1123E+00
 0.610    0.1115E+00
 0.611    0.1107E+00
 0.612    0.1100E+00
 0.613    0.1092E+00
 0.614    0.1085E+00
 0.615    0.1078E+00
 0.616    0.1070E+00
 0.617    0.1063E+00
 0.618    0.1056E+00
 0.619    0.1049E+00
 0.620    0.1042E+00
 0.621    0.1034E+00
 0.622    0.1027E+00
 0.623    0.1020E+00
 0.624    0.1013E+00
 0.625    0.1007E+00
 0.626    0.9997E-01
 0.627    0.9929E-01
 0.628    0.9861E-01
 0.629    0.9794E-01
 0.630    0.9727E-01
 0.631    0.9660E-01
 0.632    0.9594E-01
 0.633    0.9528E-01
 0.634    0.9463E-01
 0.635    0.9398E-01
 0.636    0.9333E-01
 0.637    0.9269E-01
 0.638    0.9205E-01
 0.639    0.9141E-01
 0.640    0.9078E-01
 0.641    0.9016E-01
 0.642    0.8953E-01
 0.643    0.8892E-01
 0.644    0.8830E-01
 0.645    0.8770E-01
 0.646    0.8709E-01
 0.647    0.8649E-01
 0.648    0.8590E-01
 0.649    0.8530E-01
 0.650    0.8471E-01
 0.651    0.8413E-01
 0.652    0.8354E-01
 0.653    0.8296E-01
 0.654    0.8239E-01
 0.655    0.8182E-01
 0.656    0.8125E-01
 0.657    0.8068E-01
 0.658    0.8012E-01
 0.659    0.7956E-01
 0.660    0.7901E-01
 0.661    0.7846E-01
 0.662    0.7791E-01
 0.663    0.7736E-01
 0.664    0.7682E-01
 0.665    0.7629E-01
 0.666    0.7576E-01
 0.667    0.7523E-01
 0.668    0.7470E-01
 0.669    0.7418E-01
 0.670    0.7366E-01
 0.671    0.7314E-01
 0.672    0.7263E-01
 0.673    0.7211E-01
 0.674    0.7161E-01
 0.675    0.7110E-01
 0.676    0.7060E-01
 0.677    0.7010E-01
 0.678    0.6960E-01
 0.679    0.6911E-01
 0.680    0.6862E-01
 0.681    0.6813E-01
 0.682    0.6765E-01
 0.683    0.6717E-01
 0.684    0.6670E-01
 0.685    0.6623E-01
 0.686    0.6576E-01
 0.687    0.6529E-01
 0.688    0.6483E-01
 0.689    0.6437E-01
 0.690    0.6392E-01
 0.691    0.6346E-01
 0.692    0.6301E-01
 0.693    0.6257E-01
 0.694    0.6212E-01
 0.695    0.6168E-01
 0.696    0.6124E-01
 0.697    0.6080E-01
 0.698    0.6037E-01
 0.699    0.5994E-01
 0.700    0.5951E-01
 0.701    0.5909E-01
 0.702    0.5867E-01
 0.703    0.5825E-01
 0.704    0.5783E-01
 0.705    0.5742E-01
 0.706    0.5701E-01
 0.707    0.5660E-01
 0.708    0.5620E-01
 0.709    0.5580E-01
 0.710    0.5540E-01
 0.711    0.5500E-01
 0.712    0.5461E-01
 0.713    0.5421E-01
 0.714    0.5382E-01
 0.715    0.5344E-01
 0.716    0.5305E-01
 0.717    0.5267E-01
 0.718    0.5229E-01
 0.719    0.5191E-01
 0.720    0.5153E-01
 0.721    0.5116E-01
 0.722    0.5079E-01
 0.723    0.5042E-01
 0.724    0.5006E-01
 0.725    0.4969E-01
 0.726    0.4933E-01
 0.727    0.4898E-01
 0.728    0.4862E-01
 0.729    0.4827E-01
 0.730    0.4793E-01
 0.731    0.4758E-01
 0.732    0.4724E-01
 0.733    0.4690E-01
 0.734    0.4656E-01
 0.735    0.4622E-01
 0.736    0.4589E-01
 0.737    0.4555E-01
 0.738    0.4522E-01
 0.739    0.4490E-01
 0.740    0.4457E-01
 0.741    0.4425E-01
 0.742    0.4392E-01
 0.743    0.4360E-01
 0.744    0.4329E-01
 0.745    0.4297E-01
 0.746    0.4266E-01
 0.747    0.4235E-01
 0.748    0.4204E-01
 0.749    0.4173E-01
 0.750    0.4143E-01
 0.751    0.4113E-01
 0.752    0.4083E-01
 0.753    0.4053E-01
 0.754    0.4024E-01
 0.755    0.3995E-01
 0.756    0.3966E-01
 0.757    0.3937E-01
 0.758    0.3908E-01
 0.759    0.3879E-01
 0.760    0.3851E-01
 0.761    0.3822E-01
 0.762    0.3794E-01
 0.763    0.3766E-01
 0.764    0.3738E-01
 0.765    0.3711E-01
 0.766    0.3683E-01
 0.767    0.3656E-01
 0.768    0.3629E-01
 0.769    0.3602E-01
 0.770    0.3576E-01
 0.771    0.3549E-01
 0.772    0.3523E-01
 0.773    0.3497E-01
 0.774    0.3471E-01
 0.775    0.3446E-01
 0.776    0.3420E-01
 0.777    0.3395E-01
 0.778    0.3370E-01
 0.779    0.3345E-01
 0.780    0.3321E-01
 0.781    0.3296E-01
 0.782    0.3272E-01
 0.783    0.3247E-01
 0.784    0.3223E-01
 0.785    0.3199E-01
 0.786    0.3176E-01
 0.787    0.3152E-01
 0.788    0.3128E-01
 0.789    0.3105E-01
 0.790    0.3082E-01
 0.791    0.3059E-01
 0.792    0.3036E-01
 0.793    0.3014E-01
 0.794    0.2991E-01
 0.795    0.2969E-01
 0.796    0.2947E-01
 0.797    0.2925E-01
 0.798    0.2903E-01
 0.799    0.2881E-01
 0.800    0.2860E-01
 0.801    0.2839E-01
 0.802    0.2818E-01
 0.803    0.2797E-01
 0.804    0.2776E-01
 0.805    0.2755E-01
 0.806    0.2735E-01
 0.807    0.2714E-01
 0.808    0.2694E-01
 0.809    0.2673E-01
 0.810    0.2653E-01
 0.811    0.2633E-01
 0.812    0.2613E-01
 0.813    0.2594E-01
 0.814    0.2574E-01
 0.815    0.2555E-01
 0.816    0.2535E-01
 0.817    0.2516E-01
 0.818    0.2497E-01
 0.819    0.2478E-01
 0.820    0.2459E-01
 0.821    0.2441E-01
 0.822    0.2422E-01
 0.823    0.2404E-01
 0.824    0.2386E-01
 0.825    0.2368E-01
 0.826    0.2350E-01
 0.827    0.2333E-01
 0.828    0.2315E-01
 0.829    0.2298E-01
 0.830    0.2280E-01
 0.831    0.2263E-01
 0.832    0.2246E-01
 0.833    0.2229E-01
 0.834    0.2212E-01
 0.835    0.2195E-01
 0.836    0.2178E-01
 0.837    0.2162E-01
 0.838    0.2145E-01
 0.839    0.2129E-01
 0.840    0.2112E-01
 0.841    0.2096E-01
 0.842    0.2080E-01
 0.843    0.2064E-01
 0.844    0.2048E-01
 0.845    0.2033E-01
 0.846    0.2017E-01
 0.847    0.2002E-01
 0.848    0.1986E-01
 0.849    0.1971E-01
 0.850    0.1956E-01
 0.851    0.1941E-01
 0.852    0.1927E-01
 0.853    0.1912E-01
 0.854    0.1897E-01
 0.855    0.1883E-01
 0.856    0.1868E-01
 0.857    0.1854E-01
 0.858    0.1840E-01
 0.859    0.1825E-01
 0.860    0.1811E-01
 0.861    0.1797E-01
 0.862    0.1783E-01
 0.863    0.1770E-01
 0.864    0.1756E-01
 0.865    0.1742E-01
 0.866    0.1729E-01
 0.867    0.1715E-01
 0.868    0.1702E-01
 0.869    0.1689E-01
 0.870    0.1675E-01
 0.871    0.1662E-01
 0.872    0.1650E-01
 0.873    0.1637E-01
 0.874    0.1624E-01
 0.875    0.1611E-01
 0.876    0.1599E-01
 0.877    0.1587E-01
 0.878    0.1574E-01
 0.879    0.1562E-01
 0.880    0.1550E-01
 0.881    0.1538E-01
 0.882    0.1526E-01
 0.883    0.1514E-01
 0.884    0.1503E-01
 0.885    0.1491E-01
 0.886    0.1479E-01
 0.887    0.1468E-01
 0.888    0.1456E-01
 0.889    0.1445E-01
 0.890    0.1433E-01
 0.891    0.1422E-01
 0.892    0.1411E-01
 0.893    0.1400E-01
 0.894    0.1389E-01
 0.895    0.1378E-01
 0.896    0.1367E-01
 0.897    0.1356E-01
 0.898    0.1346E-01
 0.899    0.1335E-01
 0.900    0.1325E-01
 0.901    0.1314E-01
 0.902    0.1304E-01
 0.903    0.1294E-01
 0.904    0.1284E-01
 0.905    0.1274E-01
 0.906    0.1264E-01
 0.907    0.1254E-01
 0.908    0.1244E-01
 0.909    0.1234E-01
 0.910    0.1225E-01
 0.911    0.1215E-01
 0.912    0.1205E-01
 0.913    0.1196E-01
 0.914    0.1186E-01
 0.915    0.1177E-01
 0.916    0.1167E-01
 0.917    0.1158E-01
 0.918    0.1149E-01
 0.919    0.1140E-01
 0.920    0.1131E-01
 0.921    0.1122E-01
 0.922    0.1113E-01
 0.923    0.1104E-01
 0.924    0.1095E-01
 0.925    0.1086E-01
 0.926    0.1077E-01
 0.927    0.1069E-01
 0.928    0.1060E-01
 0.929    0.1052E-01
 0.930    0.1043E-01
 0.931    0.1035E-01
 0.932    0.1027E-01
 0.933    0.1019E-01
 0.934    0.1011E-01
 0.935    0.1003E-01
 0.936    0.9947E-02
 0.937    0.9868E-02
 0.938    0.9789E-02
 0.939    0.9710E-02
 0.940    0.9632E-02
 0.941    0.9555E-02
 0.942    0.9478E-02
 0.943    0.9401E-02
 0.944    0.9325E-02
 0.945    0.9250E-02
 0.946    0.9175E-02
 0.947    0.9100E-02
 0.948    0.9027E-02
 0.949    0.8953E-02
 0.950    0.8881E-02
 0.951    0.8808E-02
 0.952    0.8737E-02
 0.953    0.8666E-02
 0.954    0.8596E-02
 0.955    0.8526E-02
 0.956    0.8457E-02
 0.957    0.8388E-02
 0.958    0.8320E-02
 0.959    0.8253E-02
 0.960    0.8187E-02
 0.961    0.8121E-02
 0.962    0.8056E-02
 0.963    0.7991E-02
 0.964    0.7927E-02
 0.965    0.7863E-02
 0.966    0.7799E-02
 0.967    0.7736E-02
 0.968    0.7673E-02
 0.969    0.7610E-02
 0.970    0.7548E-02
 0.971    0.7487E-02
 0.972    0.7425E-02
 0.973    0.7364E-02
 0.974    0.7304E-02
 0.975    0.7244E-02
 0.976    0.7184E-02
 0.977    0.7125E-02
 0.978    0.7066E-02
 0.979    0.7008E-02
 0.980    0.6950E-02
 0.981    0.6893E-02
 0.982    0.6836E-02
 0.983    0.6779E-02
 0.984    0.6723E-02
 0.985    0.6668E-02
 0.986    0.6613E-02
 0.987    0.6559E-02
 0.988    0.6505E-02
 0.989    0.6451E-02
 0.990    0.6399E-02
 0.991    0.6346E-02
 0.992    0.6295E-02
 0.993    0.6243E-02
 0.994    0.6192E-02
 0.995    0.6141E-02
 0.996    0.6091E-02
 0.997    0.6040E-02
 0.998    0.5990E-02
 0.999    0.5941E-02
 1.000    0.5891E-02
 1.001    0.5842E-02
 1.002    0.5793E-02
 1.003    0.5745E-02
 1.004    0.5697E-02
 1.005    0.5649E-02
 1.006    0.5602E-02
 1.007    0.5555E-02
 1.008    0.5508E-02
 1.009    0.5462E-02
 1.010    0.5416E-02
 1.011    0.5371E-02
 1.012    0.5326E-02
 1.013    0.5281E-02
 1.014    0.5237E-02
 1.015    0.5193E-02
 1.016    0.5150E-02
 1.017    0.5107E-02
 1.018    0.5064E-02
 1.019    0.5022E-02
 1.020    0.4981E-02
 1.021    0.4939E-02
 1.022    0.4899E-02
 1.023    0.4859E-02
 1.024    0.4819E-02
 1.025    0.4779E-02
 1.026    0.4739E-02
 1.027    0.4700E-02
 1.028    0.4661E-02
 1.029    0.4622E-02
 1.030    0.4584E-02
 1.031    0.4546E-02
 1.032    0.4507E-02
 1.033    0.4470E-02
 1.034    0.4432E-02
 1.035    0.4395E-02
 1.036    0.4358E-02
 1.037    0.4321E-02
 1.038    0.4285E-02
 1.039    0.4249E-02
 1.040    0.4213E-02
 1.041    0.4177E-02
 1.042    0.4142E-02
 1.043    0.4107E-02
 1.044    0.4073E-02
 1.045    0.4038E-02
 1.046    0.4004E-02
 1.047    0.3971E-02
 1.048    0.3938E-02
 1.049    0.3905E-02
 1.050    0.3872E-02
 1.051    0.3840E-02
 1.052    0.3808E-02
 1.053    0.3776E-02
 1.054    0.3745E-02
 1.055    0.3714E-02
 1.056    0.3684E-02
 1.057    0.3653E-02
 1.058    0.3623E-02
 1.059    0.3592E-02
 1.060    0.3562E-02
 1.061    0.3532E-02
 1.062    0.3503E-02
 1.063    0.3473E-02
 1.064    0.3444E-02
 1.065    0.3414E-02
 1.066    0.3385E-02
 1.067    0.3357E-02
 1.068    0.3328E-02
 1.069    0.3300E-02
 1.070    0.3271E-02
 1.071    0.3243E-02
 1.072    0.3216E-02
 1.073    0.3188E-02
 1.074    0.3161E-02
 1.075    0.3134E-02
 1.076    0.3107E-02
 1.077    0.3080E-02
 1.078    0.3054E-02
 1.079    0.3028E-02
 1.080    0.3002E-02
 1.081    0.2976E-02
 1.082    0.2951E-02
 1.083    0.2926E-02
 1.084    0.2901E-02
 1.085    0.2876E-02
 1.086    0.2852E-02
 1.087    0.2828E-02
 1.088    0.2804E-02
 1.089    0.2781E-02
 1.090    0.2757E-02
 1.091    0.2734E-02
 1.092    0.2710E-02
 1.093    0.2687E-02
 1.094    0.2664E-02
 1.095    0.2641E-02
 1.096    0.2618E-02
 1.097    0.2596E-02
 1.098    0.2573E-02
 1.099    0.2551E-02
 1.100    0.2529E-02
 1.101    0.2507E-02
 1.102    0.2485E-02
 1.103    0.2463E-02
 1.104    0.2442E-02
 1.105    0.2420E-02
 1.106    0.2399E-02
 1.107    0.2378E-02
 1.108    0.2357E-02
 1.109    0.2337E-02
 1.110    0.2316E-02
 1.111    0.2296E-02
 1.112    0.2276E-02
 1.113    0.2256E-02
 1.114    0.2236E-02
 1.115    0.2217E-02
 1.116    0.2198E-02
 1.117    0.2179E-02
 1.118    0.2160E-02
 1.119    0.2141E-02
 1.120    0.2123E-02
 1.121    0.2105E-02
 1.122    0.2087E-02
 1.123    0.2069E-02
 1.124    0.2051E-02
 1.125    0.2033E-02
 1.126    0.2016E-02
 1.127    0.1998E-02
 1.128    0.1981E-02
 1.129    0.1964E-02
 1.130    0.1946E-02
 1.131    0.1929E-02
 1.132    0.1912E-02
 1.133    0.1895E-02
 1.134    0.1879E-02
 1.135    0.1862E-02
 1.136    0.1846E-02
 1.137    0.1829E-02
 1.138    0.1813E-02
 1.139    0.1797E-02
 1.140    0.1781E-02
 1.141    0.1765E-02
 1.142    0.1750E-02
 1.143    0.1734E-02
 1.144    0.1719E-02
 1.145    0.1704E-02
 1.146    0.1689E-02
 1.147    0.1674E-02
 1.148    0.1659E-02
 1.149    0.1645E-02
 1.150    0.1630E-02
 1.151    0.1616E-02
 1.152    0.1602E-02
 1.153    0.1588E-02
 1.154    0.1575E-02
 1.155    0.1561E-02
 1.156    0.1548E-02
 1.157    0.1535E-02
 1.158    0.1522E-02
 1.159    0.1509E-02
 1.160    0.1496E-02
 1.161    0.1483E-02
 1.162    0.1470E-02
 1.163    0.1457E-02
 1.164    0.1445E-02
 1.165    0.1432E-02
 1.166    0.1419E-02
 1.167    0.1407E-02
 1.168    0.1395E-02
 1.169    0.1382E-02
 1.170    0.1370E-02
 1.171    0.1358E-02
 1.172    0.1346E-02
 1.173    0.1334E-02
 1.174    0.1322E-02
 1.175    0.1311E-02
 1.176    0.1299E-02
 1.177    0.1288E-02
 1.178    0.1276E-02
 1.179    0.1265E-02
 1.180    0.1254E-02
 1.181    0.1243E-02
 1.182    0.1232E-02
 1.183    0.1221E-02
 1.184    0.1210E-02
 1.185    0.1199E-02
 1.186    0.1189E-02
 1.187    0.1178E-02
 1.188    0.1168E-02
 1.189    0.1158E-02
 1.190    0.1148E-02
 1.191    0.1138E-02
 1.192    0.1128E-02
 1.193    0.1118E-02
 1.194    0.1108E-02
 1.195    0.1099E-02
 1.196    0.1089E-02
 1.197    0.1079E-02
 1.198    0.1070E-02
 1.199    0.1060E-02
 1.200    0.1051E-02
 1.201    0.1041E-02
 1.202    0.1032E-02
 1.203    0.1023E-02
 1.204    0.1013E-02
 1.205    0.1004E-02
