 0.001    0.8160E+00
 0.002    0.8782E+00
 0.003    0.9009E+00
 0.004    0.9122E+00
 0.005    0.9205E+00
 0.006    0.9277E+00
 0.007    0.9339E+00
 0.008    0.9394E+00
 0.009    0.9445E+00
 0.010    0.9491E+00
 0.011    0.9535E+00
 0.012    0.9578E+00
 0.013    0.9619E+00
 0.014    0.9657E+00
 0.015    0.9692E+00
 0.016    0.9727E+00
 0.017    0.9762E+00
 0.018    0.9797E+00
 0.019    0.9830E+00
 0.020    0.9863E+00
 0.021    0.9894E+00
 0.022    0.9923E+00
 0.023    0.9953E+00
 0.024    0.9982E+00
 0.025    0.1001E+01
 0.026    0.1004E+01
 0.027    0.1007E+01
 0.028    0.1010E+01
 0.029    0.1012E+01
 0.030    0.1015E+01
 0.031    0.1017E+01
 0.032    0.1020E+01
 0.033    0.1022E+01
 0.034    0.1025E+01
 0.035    0.1027E+01
 0.036    0.1030E+01
 0.037    0.1032E+01
 0.038    0.1034E+01
 0.039    0.1037E+01
 0.040    0.1039E+01
 0.041    0.1041E+01
 0.042    0.1043E+01
 0.043    0.1045E+01
 0.044    0.1048E+01
 0.045    0.1049E+01
 0.046    0.1052E+01
 0.047    0.1054E+01
 0.048    0.1056E+01
 0.049    0.1058E+01
 0.050    0.1060E+01
 0.051    0.1061E+01
 0.052    0.1063E+01
 0.053    0.1065E+01
 0.054    0.1066E+01
 0.055    0.1068E+01
 0.056    0.1070E+01
 0.057    0.1072E+01
 0.058    0.1073E+01
 0.059    0.1075E+01
 0.060    0.1076E+01
 0.061    0.1078E+01
 0.062    0.1079E+01
 0.063    0.1081E+01
 0.064    0.1082E+01
 0.065    0.1084E+01
 0.066    0.1085E+01
 0.067    0.1086E+01
 0.068    0.1087E+01
 0.069    0.1088E+01
 0.070    0.1090E+01
 0.071    0.1091E+01
 0.072    0.1092E+01
 0.073    0.1093E+01
 0.074    0.1094E+01
 0.075    0.1095E+01
 0.076    0.1096E+01
 0.077    0.1096E+01
 0.078    0.1097E+01
 0.079    0.1098E+01
 0.080    0.1099E+01
 0.081    0.1100E+01
 0.082    0.1101E+01
 0.083    0.1101E+01
 0.084    0.1102E+01
 0.085    0.1103E+01
 0.086    0.1103E+01
 0.087    0.1104E+01
 0.088    0.1104E+01
 0.089    0.1105E+01
 0.090    0.1105E+01
 0.091    0.1106E+01
 0.092    0.1106E+01
 0.093    0.1107E+01
 0.094    0.1107E+01
 0.095    0.1107E+01
 0.096    0.1107E+01
 0.097    0.1107E+01
 0.098    0.1107E+01
 0.099    0.1107E+01
 0.100    0.1107E+01
 0.101    0.1108E+01
 0.102    0.1108E+01
 0.103    0.1108E+01
 0.104    0.1108E+01
 0.105    0.1108E+01
 0.106    0.1108E+01
 0.107    0.1107E+01
 0.108    0.1107E+01
 0.109    0.1107E+01
 0.110    0.1107E+01
 0.111    0.1106E+01
 0.112    0.1106E+01
 0.113    0.1106E+01
 0.114    0.1105E+01
 0.115    0.1105E+01
 0.116    0.1105E+01
 0.117    0.1104E+01
 0.118    0.1104E+01
 0.119    0.1103E+01
 0.120    0.1103E+01
 0.121    0.1102E+01
 0.122    0.1102E+01
 0.123    0.1101E+01
 0.124    0.1101E+01
 0.125    0.1100E+01
 0.126    0.1099E+01
 0.127    0.1098E+01
 0.128    0.1098E+01
 0.129    0.1097E+01
 0.130    0.1096E+01
 0.131    0.1095E+01
 0.132    0.1094E+01
 0.133    0.1093E+01
 0.134    0.1093E+01
 0.135    0.1092E+01
 0.136    0.1090E+01
 0.137    0.1089E+01
 0.138    0.1088E+01
 0.139    0.1087E+01
 0.140    0.1086E+01
 0.141    0.1085E+01
 0.142    0.1084E+01
 0.143    0.1083E+01
 0.144    0.1081E+01
 0.145    0.1080E+01
 0.146    0.1079E+01
 0.147    0.1077E+01
 0.148    0.1076E+01
 0.149    0.1075E+01
 0.150    0.1073E+01
 0.151    0.1072E+01
 0.152    0.1070E+01
 0.153    0.1069E+01
 0.154    0.1067E+01
 0.155    0.1066E+01
 0.156    0.1064E+01
 0.157    0.1062E+01
 0.158    0.1061E+01
 0.159    0.1059E+01
 0.160    0.1057E+01
 0.161    0.1055E+01
 0.162    0.1054E+01
 0.163    0.1052E+01
 0.164    0.1050E+01
 0.165    0.1048E+01
 0.166    0.1046E+01
 0.167    0.1044E+01
 0.168    0.1042E+01
 0.169    0.1040E+01
 0.170    0.1038E+01
 0.171    0.1036E+01
 0.172    0.1034E+01
 0.173    0.1031E+01
 0.174    0.1029E+01
 0.175    0.1027E+01
 0.176    0.1025E+01
 0.177    0.1022E+01
 0.178    0.1020E+01
 0.179    0.1017E+01
 0.180    0.1015E+01
 0.181    0.1013E+01
 0.182    0.1010E+01
 0.183    0.1008E+01
 0.184    0.1005E+01
 0.185    0.1003E+01
 0.186    0.1000E+01
 0.187    0.9973E+00
 0.188    0.9946E+00
 0.189    0.9918E+00
 0.190    0.9891E+00
 0.191    0.9865E+00
 0.192    0.9837E+00
 0.193    0.9809E+00
 0.194    0.9782E+00
 0.195    0.9753E+00
 0.196    0.9723E+00
 0.197    0.9693E+00
 0.198    0.9662E+00
 0.199    0.9632E+00
 0.200    0.9603E+00
 0.201    0.9574E+00
 0.202    0.9543E+00
 0.203    0.9511E+00
 0.204    0.9479E+00
 0.205    0.9449E+00
 0.206    0.9418E+00
 0.207    0.9385E+00
 0.208    0.9353E+00
 0.209    0.9320E+00
 0.210    0.9288E+00
 0.211    0.9255E+00
 0.212    0.9221E+00
 0.213    0.9188E+00
 0.214    0.9155E+00
 0.215    0.9121E+00
 0.216    0.9087E+00
 0.217    0.9055E+00
 0.218    0.9020E+00
 0.219    0.8984E+00
 0.220    0.8950E+00
 0.221    0.8916E+00
 0.222    0.8881E+00
 0.223    0.8846E+00
 0.224    0.8811E+00
 0.225    0.8775E+00
 0.226    0.8740E+00
 0.227    0.8706E+00
 0.228    0.8670E+00
 0.229    0.8634E+00
 0.230    0.8598E+00
 0.231    0.8563E+00
 0.232    0.8527E+00
 0.233    0.8491E+00
 0.234    0.8456E+00
 0.235    0.8418E+00
 0.236    0.8382E+00
 0.237    0.8348E+00
 0.238    0.8311E+00
 0.239    0.8274E+00
 0.240    0.8238E+00
 0.241    0.8203E+00
 0.242    0.8168E+00
 0.243    0.8131E+00
 0.244    0.8094E+00
 0.245    0.8059E+00
 0.246    0.8022E+00
 0.247    0.7986E+00
 0.248    0.7950E+00
 0.249    0.7913E+00
 0.250    0.7879E+00
 0.251    0.7843E+00
 0.252    0.7807E+00
 0.253    0.7771E+00
 0.254    0.7736E+00
 0.255    0.7701E+00
 0.256    0.7666E+00
 0.257    0.7630E+00
 0.258    0.7595E+00
 0.259    0.7560E+00
 0.260    0.7526E+00
 0.261    0.7491E+00
 0.262    0.7456E+00
 0.263    0.7421E+00
 0.264    0.7385E+00
 0.265    0.7351E+00
 0.266    0.7318E+00
 0.267    0.7284E+00
 0.268    0.7250E+00
 0.269    0.7215E+00
 0.270    0.7181E+00
 0.271    0.7148E+00
 0.272    0.7115E+00
 0.273    0.7082E+00
 0.274    0.7050E+00
 0.275    0.7016E+00
 0.276    0.6984E+00
 0.277    0.6951E+00
 0.278    0.6918E+00
 0.279    0.6885E+00
 0.280    0.6853E+00
 0.281    0.6821E+00
 0.282    0.6790E+00
 0.283    0.6757E+00
 0.284    0.6725E+00
 0.285    0.6694E+00
 0.286    0.6663E+00
 0.287    0.6633E+00
 0.288    0.6600E+00
 0.289    0.6569E+00
 0.290    0.6539E+00
 0.291    0.6508E+00
 0.292    0.6477E+00
 0.293    0.6447E+00
 0.294    0.6417E+00
 0.295    0.6387E+00
 0.296    0.6355E+00
 0.297    0.6325E+00
 0.298    0.6296E+00
 0.299    0.6265E+00
 0.300    0.6235E+00
 0.301    0.6206E+00
 0.302    0.6176E+00
 0.303    0.6146E+00
 0.304    0.6114E+00
 0.305    0.6083E+00
 0.306    0.6061E+00
 0.307    0.6049E+00
 0.308    0.6042E+00
 0.309    0.6032E+00
 0.310    0.6015E+00
 0.311    0.5989E+00
 0.312    0.5962E+00
 0.313    0.5935E+00
 0.314    0.5908E+00
 0.315    0.5880E+00
 0.316    0.5853E+00
 0.317    0.5826E+00
 0.318    0.5799E+00
 0.319    0.5773E+00
 0.320    0.5747E+00
 0.321    0.5722E+00
 0.322    0.5696E+00
 0.323    0.5670E+00
 0.324    0.5644E+00
 0.325    0.5619E+00
 0.326    0.5593E+00
 0.327    0.5568E+00
 0.328    0.5543E+00
 0.329    0.5518E+00
 0.330    0.5494E+00
 0.331    0.5469E+00
 0.332    0.5445E+00
 0.333    0.5421E+00
 0.334    0.5397E+00
 0.335    0.5373E+00
 0.336    0.5349E+00
 0.337    0.5325E+00
 0.338    0.5302E+00
 0.339    0.5279E+00
 0.340    0.5255E+00
 0.341    0.5232E+00
 0.342    0.5210E+00
 0.343    0.5187E+00
 0.344    0.5164E+00
 0.345    0.5142E+00
 0.346    0.5120E+00
 0.347    0.5097E+00
 0.348    0.5075E+00
 0.349    0.5054E+00
 0.350    0.5032E+00
 0.351    0.5010E+00
 0.352    0.4989E+00
 0.353    0.4968E+00
 0.354    0.4947E+00
 0.355    0.4926E+00
 0.356    0.4905E+00
 0.357    0.4884E+00
 0.358    0.4864E+00
 0.359    0.4843E+00
 0.360    0.4823E+00
 0.361    0.4803E+00
 0.362    0.4783E+00
 0.363    0.4763E+00
 0.364    0.4743E+00
 0.365    0.4723E+00
 0.366    0.4704E+00
 0.367    0.4684E+00
 0.368    0.4665E+00
 0.369    0.4646E+00
 0.370    0.4627E+00
 0.371    0.4608E+00
 0.372    0.4589E+00
 0.373    0.4571E+00
 0.374    0.4552E+00
 0.375    0.4534E+00
 0.376    0.4516E+00
 0.377    0.4497E+00
 0.378    0.4479E+00
 0.379    0.4461E+00
 0.380    0.4444E+00
 0.381    0.4426E+00
 0.382    0.4408E+00
 0.383    0.4391E+00
 0.384    0.4373E+00
 0.385    0.4356E+00
 0.386    0.4339E+00
 0.387    0.4321E+00
 0.388    0.4304E+00
 0.389    0.4287E+00
 0.390    0.4271E+00
 0.391    0.4254E+00
 0.392    0.4237E+00
 0.393    0.4221E+00
 0.394    0.4204E+00
 0.395    0.4188E+00
 0.396    0.4171E+00
 0.397    0.4155E+00
 0.398    0.4139E+00
 0.399    0.4123E+00
 0.400    0.4107E+00
 0.401    0.4091E+00
 0.402    0.4075E+00
 0.403    0.4059E+00
 0.404    0.4044E+00
 0.405    0.4028E+00
 0.406    0.4012E+00
 0.407    0.3997E+00
 0.408    0.3982E+00
 0.409    0.3966E+00
 0.410    0.3951E+00
 0.411    0.3936E+00
 0.412    0.3921E+00
 0.413    0.3905E+00
 0.414    0.3890E+00
 0.415    0.3875E+00
 0.416    0.3861E+00
 0.417    0.3846E+00
 0.418    0.3831E+00
 0.419    0.3816E+00
 0.420    0.3802E+00
 0.421    0.3787E+00
 0.422    0.3772E+00
 0.423    0.3758E+00
 0.424    0.3743E+00
 0.425    0.3729E+00
 0.426    0.3715E+00
 0.427    0.3700E+00
 0.428    0.3686E+00
 0.429    0.3672E+00
 0.430    0.3658E+00
 0.431    0.3644E+00
 0.432    0.3630E+00
 0.433    0.3616E+00
 0.434    0.3602E+00
 0.435    0.3588E+00
 0.436    0.3574E+00
 0.437    0.3560E+00
 0.438    0.3546E+00
 0.439    0.3533E+00
 0.440    0.3519E+00
 0.441    0.3505E+00
 0.442    0.3492E+00
 0.443    0.3478E+00
 0.444    0.3464E+00
 0.445    0.3451E+00
 0.446    0.3437E+00
 0.447    0.3424E+00
 0.448    0.3410E+00
 0.449    0.3397E+00
 0.450    0.3383E+00
 0.451    0.3370E+00
 0.452    0.3357E+00
 0.453    0.3344E+00
 0.454    0.3331E+00
 0.455    0.3317E+00
 0.456    0.3304E+00
 0.457    0.3291E+00
 0.458    0.3278E+00
 0.459    0.3265E+00
 0.460    0.3252E+00
 0.461    0.3239E+00
 0.462    0.3226E+00
 0.463    0.3213E+00
 0.464    0.3201E+00
 0.465    0.3188E+00
 0.466    0.3175E+00
 0.467    0.3162E+00
 0.468    0.3150E+00
 0.469    0.3137E+00
 0.470    0.3124E+00
 0.471    0.3112E+00
 0.472    0.3099E+00
 0.473    0.3086E+00
 0.474    0.3074E+00
 0.475    0.3061E+00
 0.476    0.3049E+00
 0.477    0.3036E+00
 0.478    0.3024E+00
 0.479    0.3011E+00
 0.480    0.2999E+00
 0.481    0.2987E+00
 0.482    0.2975E+00
 0.483    0.2962E+00
 0.484    0.2950E+00
 0.485    0.2938E+00
 0.486    0.2926E+00
 0.487    0.2913E+00
 0.488    0.2901E+00
 0.489    0.2889E+00
 0.490    0.2877E+00
 0.491    0.2865E+00
 0.492    0.2853E+00
 0.493    0.2841E+00
 0.494    0.2829E+00
 0.495    0.2817E+00
 0.496    0.2805E+00
 0.497    0.2793E+00
 0.498    0.2781E+00
 0.499    0.2770E+00
 0.500    0.2758E+00
 0.501    0.2746E+00
 0.502    0.2734E+00
 0.503    0.2722E+00
 0.504    0.2710E+00
 0.505    0.2699E+00
 0.506    0.2687E+00
 0.507    0.2675E+00
 0.508    0.2664E+00
 0.509    0.2652E+00
 0.510    0.2640E+00
 0.511    0.2628E+00
 0.512    0.2617E+00
 0.513    0.2605E+00
 0.514    0.2594E+00
 0.515    0.2582E+00
 0.516    0.2570E+00
 0.517    0.2559E+00
 0.518    0.2547E+00
 0.519    0.2536E+00
 0.520    0.2524E+00
 0.521    0.2513E+00
 0.522    0.2501E+00
 0.523    0.2490E+00
 0.524    0.2478E+00
 0.525    0.2467E+00
 0.526    0.2455E+00
 0.527    0.2444E+00
 0.528    0.2433E+00
 0.529    0.2421E+00
 0.530    0.2410E+00
 0.531    0.2399E+00
 0.532    0.2388E+00
 0.533    0.2377E+00
 0.534    0.2365E+00
 0.535    0.2354E+00
 0.536    0.2343E+00
 0.537    0.2332E+00
 0.538    0.2321E+00
 0.539    0.2310E+00
 0.540    0.2299E+00
 0.541    0.2288E+00
 0.542    0.2277E+00
 0.543    0.2266E+00
 0.544    0.2255E+00
 0.545    0.2244E+00
 0.546    0.2233E+00
 0.547    0.2222E+00
 0.548    0.2211E+00
 0.549    0.2201E+00
 0.550    0.2190E+00
 0.551    0.2179E+00
 0.552    0.2169E+00
 0.553    0.2158E+00
 0.554    0.2147E+00
 0.555    0.2137E+00
 0.556    0.2126E+00
 0.557    0.2115E+00
 0.558    0.2105E+00
 0.559    0.2095E+00
 0.560    0.2084E+00
 0.561    0.2074E+00
 0.562    0.2063E+00
 0.563    0.2053E+00
 0.564    0.2043E+00
 0.565    0.2033E+00
 0.566    0.2022E+00
 0.567    0.2012E+00
 0.568    0.2002E+00
 0.569    0.1992E+00
 0.570    0.1982E+00
 0.571    0.1972E+00
 0.572    0.1962E+00
 0.573    0.1952E+00
 0.574    0.1942E+00
 0.575    0.1932E+00
 0.576    0.1922E+00
 0.577    0.1912E+00
 0.578    0.1902E+00
 0.579    0.1893E+00
 0.580    0.1883E+00
 0.581    0.1873E+00
 0.582    0.1864E+00
 0.583    0.1854E+00
 0.584    0.1844E+00
 0.585    0.1835E+00
 0.586    0.1825E+00
 0.587    0.1816E+00
 0.588    0.1806E+00
 0.589    0.1797E+00
 0.590    0.1788E+00
 0.591    0.1778E+00
 0.592    0.1769E+00
 0.593    0.1760E+00
 0.594    0.1751E+00
 0.595    0.1741E+00
 0.596    0.1732E+00
 0.597    0.1723E+00
 0.598    0.1714E+00
 0.599    0.1705E+00
 0.600    0.1696E+00
 0.601    0.1687E+00
 0.602    0.1678E+00
 0.603    0.1669E+00
 0.604    0.1661E+00
 0.605    0.1652E+00
 0.606    0.1643E+00
 0.607    0.1634E+00
 0.608    0.1626E+00
 0.609    0.1617E+00
 0.610    0.1608E+00
 0.611    0.1600E+00
 0.612    0.1591E+00
 0.613    0.1583E+00
 0.614    0.1574E+00
 0.615    0.1566E+00
 0.616    0.1557E+00
 0.617    0.1549E+00
 0.618    0.1541E+00
 0.619    0.1532E+00
 0.620    0.1524E+00
 0.621    0.1516E+00
 0.622    0.1508E+00
 0.623    0.1499E+00
 0.624    0.1491E+00
 0.625    0.1483E+00
 0.626    0.1475E+00
 0.627    0.1467E+00
 0.628    0.1459E+00
 0.629    0.1451E+00
 0.630    0.1444E+00
 0.631    0.1436E+00
 0.632    0.1428E+00
 0.633    0.1420E+00
 0.634    0.1412E+00
 0.635    0.1405E+00
 0.636    0.1397E+00
 0.637    0.1389E+00
 0.638    0.1382E+00
 0.639    0.1374E+00
 0.640    0.1367E+00
 0.641    0.1359E+00
 0.642    0.1352E+00
 0.643    0.1344E+00
 0.644    0.1337E+00
 0.645    0.1330E+00
 0.646    0.1322E+00
 0.647    0.1315E+00
 0.648    0.1308E+00
 0.649    0.1301E+00
 0.650    0.1293E+00
 0.651    0.1286E+00
 0.652    0.1279E+00
 0.653    0.1272E+00
 0.654    0.1265E+00
 0.655    0.1258E+00
 0.656    0.1251E+00
 0.657    0.1244E+00
 0.658    0.1237E+00
 0.659    0.1230E+00
 0.660    0.1223E+00
 0.661    0.1217E+00
 0.662    0.1210E+00
 0.663    0.1203E+00
 0.664    0.1196E+00
 0.665    0.1190E+00
 0.666    0.1183E+00
 0.667    0.1176E+00
 0.668    0.1170E+00
 0.669    0.1163E+00
 0.670    0.1157E+00
 0.671    0.1150E+00
 0.672    0.1144E+00
 0.673    0.1138E+00
 0.674    0.1131E+00
 0.675    0.1125E+00
 0.676    0.1119E+00
 0.677    0.1112E+00
 0.678    0.1106E+00
 0.679    0.1100E+00
 0.680    0.1094E+00
 0.681    0.1087E+00
 0.682    0.1081E+00
 0.683    0.1075E+00
 0.684    0.1069E+00
 0.685    0.1063E+00
 0.686    0.1057E+00
 0.687    0.1051E+00
 0.688    0.1045E+00
 0.689    0.1039E+00
 0.690    0.1033E+00
 0.691    0.1028E+00
 0.692    0.1022E+00
 0.693    0.1016E+00
 0.694    0.1010E+00
 0.695    0.1004E+00
 0.696    0.9987E-01
 0.697    0.9931E-01
 0.698    0.9874E-01
 0.699    0.9818E-01
 0.700    0.9763E-01
 0.701    0.9707E-01
 0.702    0.9652E-01
 0.703    0.9597E-01
 0.704    0.9543E-01
 0.705    0.9488E-01
 0.706    0.9434E-01
 0.707    0.9380E-01
 0.708    0.9327E-01
 0.709    0.9273E-01
 0.710    0.9220E-01
 0.711    0.9167E-01
 0.712    0.9115E-01
 0.713    0.9063E-01
 0.714    0.9011E-01
 0.715    0.8959E-01
 0.716    0.8908E-01
 0.717    0.8857E-01
 0.718    0.8806E-01
 0.719    0.8755E-01
 0.720    0.8705E-01
 0.721    0.8655E-01
 0.722    0.8605E-01
 0.723    0.8556E-01
 0.724    0.8506E-01
 0.725    0.8457E-01
 0.726    0.8408E-01
 0.727    0.8360E-01
 0.728    0.8311E-01
 0.729    0.8263E-01
 0.730    0.8215E-01
 0.731    0.8168E-01
 0.732    0.8120E-01
 0.733    0.8073E-01
 0.734    0.8026E-01
 0.735    0.7979E-01
 0.736    0.7933E-01
 0.737    0.7887E-01
 0.738    0.7841E-01
 0.739    0.7795E-01
 0.740    0.7750E-01
 0.741    0.7705E-01
 0.742    0.7660E-01
 0.743    0.7616E-01
 0.744    0.7571E-01
 0.745    0.7527E-01
 0.746    0.7483E-01
 0.747    0.7439E-01
 0.748    0.7396E-01
 0.749    0.7352E-01
 0.750    0.7309E-01
 0.751    0.7266E-01
 0.752    0.7224E-01
 0.753    0.7181E-01
 0.754    0.7139E-01
 0.755    0.7097E-01
 0.756    0.7056E-01
 0.757    0.7014E-01
 0.758    0.6973E-01
 0.759    0.6932E-01
 0.760    0.6891E-01
 0.761    0.6850E-01
 0.762    0.6810E-01
 0.763    0.6770E-01
 0.764    0.6730E-01
 0.765    0.6691E-01
 0.766    0.6651E-01
 0.767    0.6612E-01
 0.768    0.6573E-01
 0.769    0.6534E-01
 0.770    0.6495E-01
 0.771    0.6457E-01
 0.772    0.6418E-01
 0.773    0.6380E-01
 0.774    0.6342E-01
 0.775    0.6305E-01
 0.776    0.6267E-01
 0.777    0.6230E-01
 0.778    0.6193E-01
 0.779    0.6156E-01
 0.780    0.6119E-01
 0.781    0.6082E-01
 0.782    0.6046E-01
 0.783    0.6010E-01
 0.784    0.5974E-01
 0.785    0.5939E-01
 0.786    0.5903E-01
 0.787    0.5868E-01
 0.788    0.5833E-01
 0.789    0.5798E-01
 0.790    0.5763E-01
 0.791    0.5729E-01
 0.792    0.5694E-01
 0.793    0.5660E-01
 0.794    0.5626E-01
 0.795    0.5592E-01
 0.796    0.5558E-01
 0.797    0.5524E-01
 0.798    0.5491E-01
 0.799    0.5458E-01
 0.800    0.5425E-01
 0.801    0.5392E-01
 0.802    0.5359E-01
 0.803    0.5327E-01
 0.804    0.5294E-01
 0.805    0.5262E-01
 0.806    0.5230E-01
 0.807    0.5199E-01
 0.808    0.5167E-01
 0.809    0.5136E-01
 0.810    0.5105E-01
 0.811    0.5074E-01
 0.812    0.5043E-01
 0.813    0.5012E-01
 0.814    0.4981E-01
 0.815    0.4951E-01
 0.816    0.4920E-01
 0.817    0.4890E-01
 0.818    0.4860E-01
 0.819    0.4830E-01
 0.820    0.4801E-01
 0.821    0.4771E-01
 0.822    0.4742E-01
 0.823    0.4713E-01
 0.824    0.4684E-01
 0.825    0.4655E-01
 0.826    0.4626E-01
 0.827    0.4598E-01
 0.828    0.4569E-01
 0.829    0.4541E-01
 0.830    0.4513E-01
 0.831    0.4485E-01
 0.832    0.4458E-01
 0.833    0.4430E-01
 0.834    0.4403E-01
 0.835    0.4376E-01
 0.836    0.4349E-01
 0.837    0.4322E-01
 0.838    0.4295E-01
 0.839    0.4268E-01
 0.840    0.4242E-01
 0.841    0.4216E-01
 0.842    0.4189E-01
 0.843    0.4163E-01
 0.844    0.4137E-01
 0.845    0.4112E-01
 0.846    0.4086E-01
 0.847    0.4061E-01
 0.848    0.4035E-01
 0.849    0.4010E-01
 0.850    0.3985E-01
 0.851    0.3960E-01
 0.852    0.3935E-01
 0.853    0.3911E-01
 0.854    0.3886E-01
 0.855    0.3862E-01
 0.856    0.3838E-01
 0.857    0.3814E-01
 0.858    0.3790E-01
 0.859    0.3767E-01
 0.860    0.3743E-01
 0.861    0.3720E-01
 0.862    0.3696E-01
 0.863    0.3673E-01
 0.864    0.3650E-01
 0.865    0.3627E-01
 0.866    0.3604E-01
 0.867    0.3581E-01
 0.868    0.3559E-01
 0.869    0.3536E-01
 0.870    0.3514E-01
 0.871    0.3491E-01
 0.872    0.3469E-01
 0.873    0.3447E-01
 0.874    0.3425E-01
 0.875    0.3404E-01
 0.876    0.3382E-01
 0.877    0.3361E-01
 0.878    0.3339E-01
 0.879    0.3318E-01
 0.880    0.3297E-01
 0.881    0.3276E-01
 0.882    0.3255E-01
 0.883    0.3235E-01
 0.884    0.3214E-01
 0.885    0.3194E-01
 0.886    0.3173E-01
 0.887    0.3153E-01
 0.888    0.3133E-01
 0.889    0.3113E-01
 0.890    0.3093E-01
 0.891    0.3073E-01
 0.892    0.3053E-01
 0.893    0.3034E-01
 0.894    0.3014E-01
 0.895    0.2995E-01
 0.896    0.2976E-01
 0.897    0.2956E-01
 0.898    0.2937E-01
 0.899    0.2918E-01
 0.900    0.2900E-01
 0.901    0.2881E-01
 0.902    0.2862E-01
 0.903    0.2844E-01
 0.904    0.2825E-01
 0.905    0.2807E-01
 0.906    0.2789E-01
 0.907    0.2771E-01
 0.908    0.2753E-01
 0.909    0.2736E-01
 0.910    0.2718E-01
 0.911    0.2700E-01
 0.912    0.2683E-01
 0.913    0.2665E-01
 0.914    0.2648E-01
 0.915    0.2631E-01
 0.916    0.2614E-01
 0.917    0.2597E-01
 0.918    0.2580E-01
 0.919    0.2563E-01
 0.920    0.2546E-01
 0.921    0.2530E-01
 0.922    0.2513E-01
 0.923    0.2497E-01
 0.924    0.2480E-01
 0.925    0.2464E-01
 0.926    0.2448E-01
 0.927    0.2432E-01
 0.928    0.2416E-01
 0.929    0.2400E-01
 0.930    0.2384E-01
 0.931    0.2369E-01
 0.932    0.2353E-01
 0.933    0.2338E-01
 0.934    0.2322E-01
 0.935    0.2307E-01
 0.936    0.2292E-01
 0.937    0.2277E-01
 0.938    0.2262E-01
 0.939    0.2247E-01
 0.940    0.2233E-01
 0.941    0.2218E-01
 0.942    0.2203E-01
 0.943    0.2189E-01
 0.944    0.2174E-01
 0.945    0.2160E-01
 0.946    0.2145E-01
 0.947    0.2131E-01
 0.948    0.2117E-01
 0.949    0.2103E-01
 0.950    0.2089E-01
 0.951    0.2075E-01
 0.952    0.2061E-01
 0.953    0.2048E-01
 0.954    0.2034E-01
 0.955    0.2020E-01
 0.956    0.2007E-01
 0.957    0.1994E-01
 0.958    0.1980E-01
 0.959    0.1967E-01
 0.960    0.1954E-01
 0.961    0.1941E-01
 0.962    0.1928E-01
 0.963    0.1915E-01
 0.964    0.1903E-01
 0.965    0.1890E-01
 0.966    0.1877E-01
 0.967    0.1865E-01
 0.968    0.1852E-01
 0.969    0.1840E-01
 0.970    0.1827E-01
 0.971    0.1815E-01
 0.972    0.1803E-01
 0.973    0.1791E-01
 0.974    0.1779E-01
 0.975    0.1767E-01
 0.976    0.1755E-01
 0.977    0.1743E-01
 0.978    0.1731E-01
 0.979    0.1719E-01
 0.980    0.1707E-01
 0.981    0.1696E-01
 0.982    0.1684E-01
 0.983    0.1673E-01
 0.984    0.1662E-01
 0.985    0.1650E-01
 0.986    0.1639E-01
 0.987    0.1628E-01
 0.988    0.1617E-01
 0.989    0.1606E-01
 0.990    0.1595E-01
 0.991    0.1584E-01
 0.992    0.1574E-01
 0.993    0.1563E-01
 0.994    0.1552E-01
 0.995    0.1542E-01
 0.996    0.1531E-01
 0.997    0.1521E-01
 0.998    0.1510E-01
 0.999    0.1500E-01
 1.000    0.1490E-01
 1.001    0.1479E-01
 1.002    0.1469E-01
 1.003    0.1459E-01
 1.004    0.1449E-01
 1.005    0.1439E-01
 1.006    0.1429E-01
 1.007    0.1419E-01
 1.008    0.1410E-01
 1.009    0.1400E-01
 1.010    0.1390E-01
 1.011    0.1381E-01
 1.012    0.1371E-01
 1.013    0.1362E-01
 1.014    0.1352E-01
 1.015    0.1343E-01
 1.016    0.1334E-01
 1.017    0.1324E-01
 1.018    0.1315E-01
 1.019    0.1306E-01
 1.020    0.1297E-01
 1.021    0.1288E-01
 1.022    0.1279E-01
 1.023    0.1271E-01
 1.024    0.1262E-01
 1.025    0.1253E-01
 1.026    0.1244E-01
 1.027    0.1236E-01
 1.028    0.1227E-01
 1.029    0.1219E-01
 1.030    0.1210E-01
 1.031    0.1202E-01
 1.032    0.1193E-01
 1.033    0.1185E-01
 1.034    0.1177E-01
 1.035    0.1168E-01
 1.036    0.1160E-01
 1.037    0.1152E-01
 1.038    0.1144E-01
 1.039    0.1136E-01
 1.040    0.1128E-01
 1.041    0.1120E-01
 1.042    0.1112E-01
 1.043    0.1104E-01
 1.044    0.1097E-01
 1.045    0.1089E-01
 1.046    0.1081E-01
 1.047    0.1074E-01
 1.048    0.1066E-01
 1.049    0.1059E-01
 1.050    0.1051E-01
 1.051    0.1044E-01
 1.052    0.1037E-01
 1.053    0.1029E-01
 1.054    0.1022E-01
 1.055    0.1015E-01
 1.056    0.1008E-01
 1.057    0.1001E-01
 1.058    0.9938E-02
 1.059    0.9868E-02
 1.060    0.9798E-02
 1.061    0.9728E-02
 1.062    0.9659E-02
 1.063    0.9590E-02
 1.064    0.9522E-02
 1.065    0.9454E-02
 1.066    0.9387E-02
 1.067    0.9320E-02
 1.068    0.9254E-02
 1.069    0.9188E-02
 1.070    0.9122E-02
 1.071    0.9057E-02
 1.072    0.8992E-02
 1.073    0.8928E-02
 1.074    0.8865E-02
 1.075    0.8801E-02
 1.076    0.8739E-02
 1.077    0.8677E-02
 1.078    0.8615E-02
 1.079    0.8554E-02
 1.080    0.8493E-02
 1.081    0.8433E-02
 1.082    0.8373E-02
 1.083    0.8314E-02
 1.084    0.8254E-02
 1.085    0.8195E-02
 1.086    0.8137E-02
 1.087    0.8078E-02
 1.088    0.8020E-02
 1.089    0.7962E-02
 1.090    0.7905E-02
 1.091    0.7848E-02
 1.092    0.7791E-02
 1.093    0.7734E-02
 1.094    0.7678E-02
 1.095    0.7623E-02
 1.096    0.7567E-02
 1.097    0.7512E-02
 1.098    0.7457E-02
 1.099    0.7403E-02
 1.100    0.7349E-02
 1.101    0.7296E-02
 1.102    0.7243E-02
 1.103    0.7190E-02
 1.104    0.7137E-02
 1.105    0.7086E-02
 1.106    0.7034E-02
 1.107    0.6983E-02
 1.108    0.6932E-02
 1.109    0.6882E-02
 1.110    0.6832E-02
 1.111    0.6783E-02
 1.112    0.6734E-02
 1.113    0.6686E-02
 1.114    0.6638E-02
 1.115    0.6590E-02
 1.116    0.6542E-02
 1.117    0.6495E-02
 1.118    0.6448E-02
 1.119    0.6401E-02
 1.120    0.6354E-02
 1.121    0.6308E-02
 1.122    0.6262E-02
 1.123    0.6216E-02
 1.124    0.6170E-02
 1.125    0.6125E-02
 1.126    0.6080E-02
 1.127    0.6035E-02
 1.128    0.5991E-02
 1.129    0.5947E-02
 1.130    0.5903E-02
 1.131    0.5859E-02
 1.132    0.5816E-02
 1.133    0.5773E-02
 1.134    0.5730E-02
 1.135    0.5688E-02
 1.136    0.5646E-02
 1.137    0.5605E-02
 1.138    0.5563E-02
 1.139    0.5522E-02
 1.140    0.5482E-02
 1.141    0.5442E-02
 1.142    0.5402E-02
 1.143    0.5362E-02
 1.144    0.5323E-02
 1.145    0.5284E-02
 1.146    0.5245E-02
 1.147    0.5207E-02
 1.148    0.5169E-02
 1.149    0.5131E-02
 1.150    0.5093E-02
 1.151    0.5055E-02
 1.152    0.5018E-02
 1.153    0.4981E-02
 1.154    0.4944E-02
 1.155    0.4907E-02
 1.156    0.4870E-02
 1.157    0.4834E-02
 1.158    0.4798E-02
 1.159    0.4762E-02
 1.160    0.4726E-02
 1.161    0.4690E-02
 1.162    0.4655E-02
 1.163    0.4620E-02
 1.164    0.4585E-02
 1.165    0.4551E-02
 1.166    0.4517E-02
 1.167    0.4482E-02
 1.168    0.4449E-02
 1.169    0.4415E-02
 1.170    0.4382E-02
 1.171    0.4349E-02
 1.172    0.4316E-02
 1.173    0.4284E-02
 1.174    0.4252E-02
 1.175    0.4220E-02
 1.176    0.4188E-02
 1.177    0.4157E-02
 1.178    0.4126E-02
 1.179    0.4095E-02
 1.180    0.4065E-02
 1.181    0.4035E-02
 1.182    0.4005E-02
 1.183    0.3975E-02
 1.184    0.3945E-02
 1.185    0.3915E-02
 1.186    0.3886E-02
 1.187    0.3856E-02
 1.188    0.3827E-02
 1.189    0.3798E-02
 1.190    0.3769E-02
 1.191    0.3740E-02
 1.192    0.3712E-02
 1.193    0.3684E-02
 1.194    0.3655E-02
 1.195    0.3628E-02
 1.196    0.3600E-02
 1.197    0.3572E-02
 1.198    0.3545E-02
 1.199    0.3518E-02
 1.200    0.3491E-02
 1.201    0.3464E-02
 1.202    0.3438E-02
 1.203    0.3411E-02
 1.204    0.3385E-02
 1.205    0.3360E-02
 1.206    0.3334E-02
 1.207    0.3309E-02
 1.208    0.3283E-02
 1.209    0.3259E-02
 1.210    0.3234E-02
 1.211    0.3210E-02
 1.212    0.3185E-02
 1.213    0.3162E-02
 1.214    0.3138E-02
 1.215    0.3114E-02
 1.216    0.3091E-02
 1.217    0.3068E-02
 1.218    0.3045E-02
 1.219    0.3022E-02
 1.220    0.2999E-02
 1.221    0.2976E-02
 1.222    0.2953E-02
 1.223    0.2931E-02
 1.224    0.2908E-02
 1.225    0.2886E-02
 1.226    0.2864E-02
 1.227    0.2842E-02
 1.228    0.2820E-02
 1.229    0.2798E-02
 1.230    0.2777E-02
 1.231    0.2755E-02
 1.232    0.2734E-02
 1.233    0.2713E-02
 1.234    0.2692E-02
 1.235    0.2671E-02
 1.236    0.2650E-02
 1.237    0.2630E-02
 1.238    0.2610E-02
 1.239    0.2590E-02
 1.240    0.2570E-02
 1.241    0.2550E-02
 1.242    0.2530E-02
 1.243    0.2511E-02
 1.244    0.2491E-02
 1.245    0.2472E-02
 1.246    0.2454E-02
 1.247    0.2435E-02
 1.248    0.2416E-02
 1.249    0.2398E-02
 1.250    0.2380E-02
 1.251    0.2362E-02
 1.252    0.2344E-02
 1.253    0.2326E-02
 1.254    0.2308E-02
 1.255    0.2290E-02
 1.256    0.2273E-02
 1.257    0.2255E-02
 1.258    0.2238E-02
 1.259    0.2220E-02
 1.260    0.2203E-02
 1.261    0.2186E-02
 1.262    0.2169E-02
 1.263    0.2152E-02
 1.264    0.2135E-02
 1.265    0.2118E-02
 1.266    0.2102E-02
 1.267    0.2085E-02
 1.268    0.2069E-02
 1.269    0.2052E-02
 1.270    0.2036E-02
 1.271    0.2020E-02
 1.272    0.2004E-02
 1.273    0.1989E-02
 1.274    0.1973E-02
 1.275    0.1957E-02
 1.276    0.1942E-02
 1.277    0.1927E-02
 1.278    0.1912E-02
 1.279    0.1897E-02
 1.280    0.1882E-02
 1.281    0.1867E-02
 1.282    0.1852E-02
 1.283    0.1838E-02
 1.284    0.1824E-02
 1.285    0.1810E-02
 1.286    0.1796E-02
 1.287    0.1782E-02
 1.288    0.1768E-02
 1.289    0.1754E-02
 1.290    0.1741E-02
 1.291    0.1727E-02
 1.292    0.1714E-02
 1.293    0.1700E-02
 1.294    0.1687E-02
 1.295    0.1674E-02
 1.296    0.1661E-02
 1.297    0.1647E-02
 1.298    0.1634E-02
 1.299    0.1621E-02
 1.300    0.1609E-02
 1.301    0.1596E-02
 1.302    0.1583E-02
 1.303    0.1570E-02
 1.304    0.1558E-02
 1.305    0.1546E-02
 1.306    0.1533E-02
 1.307    0.1521E-02
 1.308    0.1509E-02
 1.309    0.1497E-02
 1.310    0.1485E-02
 1.311    0.1473E-02
 1.312    0.1461E-02
 1.313    0.1449E-02
 1.314    0.1438E-02
 1.315    0.1426E-02
 1.316    0.1415E-02
 1.317    0.1404E-02
 1.318    0.1393E-02
 1.319    0.1382E-02
 1.320    0.1371E-02
 1.321    0.1360E-02
 1.322    0.1350E-02
 1.323    0.1339E-02
 1.324    0.1329E-02
 1.325    0.1318E-02
 1.326    0.1308E-02
 1.327    0.1298E-02
 1.328    0.1288E-02
 1.329    0.1278E-02
 1.330    0.1268E-02
 1.331    0.1258E-02
 1.332    0.1248E-02
 1.333    0.1238E-02
 1.334    0.1228E-02
 1.335    0.1218E-02
 1.336    0.1209E-02
 1.337    0.1199E-02
 1.338    0.1189E-02
 1.339    0.1180E-02
 1.340    0.1170E-02
 1.341    0.1161E-02
 1.342    0.1151E-02
 1.343    0.1142E-02
 1.344    0.1133E-02
 1.345    0.1124E-02
 1.346    0.1115E-02
 1.347    0.1106E-02
 1.348    0.1097E-02
 1.349    0.1088E-02
 1.350    0.1079E-02
 1.351    0.1071E-02
 1.352    0.1062E-02
 1.353    0.1053E-02
 1.354    0.1045E-02
 1.355    0.1037E-02
 1.356    0.1028E-02
 1.357    0.1020E-02
 1.358    0.1012E-02
 1.359    0.1004E-02
