 0.001    0.8987E+00
 0.002    0.9257E+00
 0.003    0.9402E+00
 0.004    0.9506E+00
 0.005    0.9592E+00
 0.006    0.9670E+00
 0.007    0.9736E+00
 0.008    0.9802E+00
 0.009    0.9863E+00
 0.010    0.9919E+00
 0.011    0.9973E+00
 0.012    0.1003E+01
 0.013    0.1008E+01
 0.014    0.1013E+01
 0.015    0.1018E+01
 0.016    0.1023E+01
 0.017    0.1028E+01
 0.018    0.1032E+01
 0.019    0.1037E+01
 0.020    0.1041E+01
 0.021    0.1046E+01
 0.022    0.1051E+01
 0.023    0.1055E+01
 0.024    0.1059E+01
 0.025    0.1064E+01
 0.026    0.1068E+01
 0.027    0.1072E+01
 0.028    0.1077E+01
 0.029    0.1081E+01
 0.030    0.1085E+01
 0.031    0.1089E+01
 0.032    0.1093E+01
 0.033    0.1097E+01
 0.034    0.1101E+01
 0.035    0.1106E+01
 0.036    0.1109E+01
 0.037    0.1114E+01
 0.038    0.1118E+01
 0.039    0.1121E+01
 0.040    0.1126E+01
 0.041    0.1130E+01
 0.042    0.1133E+01
 0.043    0.1137E+01
 0.044    0.1141E+01
 0.045    0.1145E+01
 0.046    0.1148E+01
 0.047    0.1152E+01
 0.048    0.1155E+01
 0.049    0.1159E+01
 0.050    0.1163E+01
 0.051    0.1166E+01
 0.052    0.1170E+01
 0.053    0.1173E+01
 0.054    0.1177E+01
 0.055    0.1180E+01
 0.056    0.1183E+01
 0.057    0.1186E+01
 0.058    0.1189E+01
 0.059    0.1192E+01
 0.060    0.1195E+01
 0.061    0.1198E+01
 0.062    0.1201E+01
 0.063    0.1203E+01
 0.064    0.1206E+01
 0.065    0.1209E+01
 0.066    0.1211E+01
 0.067    0.1213E+01
 0.068    0.1216E+01
 0.069    0.1218E+01
 0.070    0.1220E+01
 0.071    0.1222E+01
 0.072    0.1223E+01
 0.073    0.1225E+01
 0.074    0.1227E+01
 0.075    0.1228E+01
 0.076    0.1229E+01
 0.077    0.1231E+01
 0.078    0.1231E+01
 0.079    0.1232E+01
 0.080    0.1233E+01
 0.081    0.1234E+01
 0.082    0.1234E+01
 0.083    0.1235E+01
 0.084    0.1235E+01
 0.085    0.1235E+01
 0.086    0.1235E+01
 0.087    0.1235E+01
 0.088    0.1234E+01
 0.089    0.1234E+01
 0.090    0.1233E+01
 0.091    0.1232E+01
 0.092    0.1231E+01
 0.093    0.1230E+01
 0.094    0.1229E+01
 0.095    0.1227E+01
 0.096    0.1226E+01
 0.097    0.1224E+01
 0.098    0.1222E+01
 0.099    0.1220E+01
 0.100    0.1217E+01
 0.101    0.1215E+01
 0.102    0.1212E+01
 0.103    0.1210E+01
 0.104    0.1207E+01
 0.105    0.1204E+01
 0.106    0.1201E+01
 0.107    0.1197E+01
 0.108    0.1193E+01
 0.109    0.1190E+01
 0.110    0.1186E+01
 0.111    0.1182E+01
 0.112    0.1177E+01
 0.113    0.1173E+01
 0.114    0.1168E+01
 0.115    0.1164E+01
 0.116    0.1159E+01
 0.117    0.1154E+01
 0.118    0.1149E+01
 0.119    0.1144E+01
 0.120    0.1138E+01
 0.121    0.1132E+01
 0.122    0.1127E+01
 0.123    0.1121E+01
 0.124    0.1115E+01
 0.125    0.1109E+01
 0.126    0.1103E+01
 0.127    0.1096E+01
 0.128    0.1089E+01
 0.129    0.1084E+01
 0.130    0.1076E+01
 0.131    0.1069E+01
 0.132    0.1063E+01
 0.133    0.1065E+01
 0.134    0.1070E+01
 0.135    0.1065E+01
 0.136    0.1060E+01
 0.137    0.1054E+01
 0.138    0.1047E+01
 0.139    0.1041E+01
 0.140    0.1035E+01
 0.141    0.1028E+01
 0.142    0.1022E+01
 0.143    0.1015E+01
 0.144    0.1009E+01
 0.145    0.1002E+01
 0.146    0.9954E+00
 0.147    0.9886E+00
 0.148    0.9817E+00
 0.149    0.9748E+00
 0.150    0.9678E+00
 0.151    0.9608E+00
 0.152    0.9536E+00
 0.153    0.9463E+00
 0.154    0.9389E+00
 0.155    0.9314E+00
 0.156    0.9238E+00
 0.157    0.9163E+00
 0.158    0.9088E+00
 0.159    0.9013E+00
 0.160    0.8938E+00
 0.161    0.8862E+00
 0.162    0.8787E+00
 0.163    0.8712E+00
 0.164    0.8636E+00
 0.165    0.8561E+00
 0.166    0.8486E+00
 0.167    0.8411E+00
 0.168    0.8335E+00
 0.169    0.8260E+00
 0.170    0.8185E+00
 0.171    0.8110E+00
 0.172    0.8035E+00
 0.173    0.7961E+00
 0.174    0.7888E+00
 0.175    0.7814E+00
 0.176    0.7741E+00
 0.177    0.7668E+00
 0.178    0.7596E+00
 0.179    0.7525E+00
 0.180    0.7453E+00
 0.181    0.7382E+00
 0.182    0.7311E+00
 0.183    0.7241E+00
 0.184    0.7171E+00
 0.185    0.7102E+00
 0.186    0.7032E+00
 0.187    0.6964E+00
 0.188    0.6895E+00
 0.189    0.6827E+00
 0.190    0.6760E+00
 0.191    0.6693E+00
 0.192    0.6627E+00
 0.193    0.6561E+00
 0.194    0.6496E+00
 0.195    0.6430E+00
 0.196    0.6366E+00
 0.197    0.6302E+00
 0.198    0.6238E+00
 0.199    0.6175E+00
 0.200    0.6113E+00
 0.201    0.6050E+00
 0.202    0.5989E+00
 0.203    0.5928E+00
 0.204    0.5867E+00
 0.205    0.5807E+00
 0.206    0.5748E+00
 0.207    0.5689E+00
 0.208    0.5630E+00
 0.209    0.5572E+00
 0.210    0.5514E+00
 0.211    0.5457E+00
 0.212    0.5400E+00
 0.213    0.5343E+00
 0.214    0.5287E+00
 0.215    0.5232E+00
 0.216    0.5177E+00
 0.217    0.5123E+00
 0.218    0.5069E+00
 0.219    0.5015E+00
 0.220    0.4962E+00
 0.221    0.4910E+00
 0.222    0.4858E+00
 0.223    0.4807E+00
 0.224    0.4756E+00
 0.225    0.4706E+00
 0.226    0.4656E+00
 0.227    0.4607E+00
 0.228    0.4558E+00
 0.229    0.4509E+00
 0.230    0.4461E+00
 0.231    0.4413E+00
 0.232    0.4366E+00
 0.233    0.4320E+00
 0.234    0.4273E+00
 0.235    0.4228E+00
 0.236    0.4183E+00
 0.237    0.4138E+00
 0.238    0.4094E+00
 0.239    0.4050E+00
 0.240    0.4007E+00
 0.241    0.3965E+00
 0.242    0.3923E+00
 0.243    0.3881E+00
 0.244    0.3840E+00
 0.245    0.3800E+00
 0.246    0.3760E+00
 0.247    0.3720E+00
 0.248    0.3681E+00
 0.249    0.3642E+00
 0.250    0.3604E+00
 0.251    0.3566E+00
 0.252    0.3529E+00
 0.253    0.3492E+00
 0.254    0.3456E+00
 0.255    0.3421E+00
 0.256    0.3386E+00
 0.257    0.3351E+00
 0.258    0.3317E+00
 0.259    0.3283E+00
 0.260    0.3250E+00
 0.261    0.3217E+00
 0.262    0.3185E+00
 0.263    0.3153E+00
 0.264    0.3121E+00
 0.265    0.3090E+00
 0.266    0.3059E+00
 0.267    0.3029E+00
 0.268    0.2999E+00
 0.269    0.2970E+00
 0.270    0.2941E+00
 0.271    0.2912E+00
 0.272    0.2884E+00
 0.273    0.2855E+00
 0.274    0.2828E+00
 0.275    0.2800E+00
 0.276    0.2773E+00
 0.277    0.2746E+00
 0.278    0.2720E+00
 0.279    0.2694E+00
 0.280    0.2668E+00
 0.281    0.2642E+00
 0.282    0.2617E+00
 0.283    0.2592E+00
 0.284    0.2567E+00
 0.285    0.2542E+00
 0.286    0.2517E+00
 0.287    0.2493E+00
 0.288    0.2469E+00
 0.289    0.2445E+00
 0.290    0.2422E+00
 0.291    0.2398E+00
 0.292    0.2375E+00
 0.293    0.2351E+00
 0.294    0.2328E+00
 0.295    0.2305E+00
 0.296    0.2282E+00
 0.297    0.2260E+00
 0.298    0.2237E+00
 0.299    0.2215E+00
 0.300    0.2193E+00
 0.301    0.2171E+00
 0.302    0.2149E+00
 0.303    0.2127E+00
 0.304    0.2105E+00
 0.305    0.2084E+00
 0.306    0.2062E+00
 0.307    0.2040E+00
 0.308    0.2019E+00
 0.309    0.1998E+00
 0.310    0.1977E+00
 0.311    0.1955E+00
 0.312    0.1934E+00
 0.313    0.1913E+00
 0.314    0.1892E+00
 0.315    0.1872E+00
 0.316    0.1851E+00
 0.317    0.1830E+00
 0.318    0.1809E+00
 0.319    0.1789E+00
 0.320    0.1768E+00
 0.321    0.1748E+00
 0.322    0.1728E+00
 0.323    0.1708E+00
 0.324    0.1688E+00
 0.325    0.1668E+00
 0.326    0.1648E+00
 0.327    0.1628E+00
 0.328    0.1608E+00
 0.329    0.1588E+00
 0.330    0.1569E+00
 0.331    0.1549E+00
 0.332    0.1530E+00
 0.333    0.1511E+00
 0.334    0.1492E+00
 0.335    0.1473E+00
 0.336    0.1454E+00
 0.337    0.1435E+00
 0.338    0.1416E+00
 0.339    0.1398E+00
 0.340    0.1379E+00
 0.341    0.1361E+00
 0.342    0.1342E+00
 0.343    0.1324E+00
 0.344    0.1306E+00
 0.345    0.1288E+00
 0.346    0.1271E+00
 0.347    0.1253E+00
 0.348    0.1236E+00
 0.349    0.1218E+00
 0.350    0.1201E+00
 0.351    0.1184E+00
 0.352    0.1167E+00
 0.353    0.1150E+00
 0.354    0.1134E+00
 0.355    0.1117E+00
 0.356    0.1101E+00
 0.357    0.1085E+00
 0.358    0.1069E+00
 0.359    0.1053E+00
 0.360    0.1037E+00
 0.361    0.1022E+00
 0.362    0.1006E+00
 0.363    0.9912E-01
 0.364    0.9761E-01
 0.365    0.9612E-01
 0.366    0.9464E-01
 0.367    0.9319E-01
 0.368    0.9175E-01
 0.369    0.9032E-01
 0.370    0.8892E-01
 0.371    0.8753E-01
 0.372    0.8616E-01
 0.373    0.8480E-01
 0.374    0.8346E-01
 0.375    0.8214E-01
 0.376    0.8083E-01
 0.377    0.7954E-01
 0.378    0.7827E-01
 0.379    0.7701E-01
 0.380    0.7576E-01
 0.381    0.7454E-01
 0.382    0.7333E-01
 0.383    0.7213E-01
 0.384    0.7096E-01
 0.385    0.6980E-01
 0.386    0.6865E-01
 0.387    0.6752E-01
 0.388    0.6641E-01
 0.389    0.6531E-01
 0.390    0.6423E-01
 0.391    0.6317E-01
 0.392    0.6211E-01
 0.393    0.6107E-01
 0.394    0.6005E-01
 0.395    0.5904E-01
 0.396    0.5804E-01
 0.397    0.5706E-01
 0.398    0.5609E-01
 0.399    0.5514E-01
 0.400    0.5421E-01
 0.401    0.5329E-01
 0.402    0.5238E-01
 0.403    0.5150E-01
 0.404    0.5062E-01
 0.405    0.4976E-01
 0.406    0.4891E-01
 0.407    0.4807E-01
 0.408    0.4724E-01
 0.409    0.4642E-01
 0.410    0.4562E-01
 0.411    0.4483E-01
 0.412    0.4405E-01
 0.413    0.4329E-01
 0.414    0.4254E-01
 0.415    0.4180E-01
 0.416    0.4108E-01
 0.417    0.4037E-01
 0.418    0.3967E-01
 0.419    0.3898E-01
 0.420    0.3829E-01
 0.421    0.3762E-01
 0.422    0.3695E-01
 0.423    0.3630E-01
 0.424    0.3565E-01
 0.425    0.3502E-01
 0.426    0.3440E-01
 0.427    0.3378E-01
 0.428    0.3319E-01
 0.429    0.3260E-01
 0.430    0.3203E-01
 0.431    0.3146E-01
 0.432    0.3091E-01
 0.433    0.3036E-01
 0.434    0.2981E-01
 0.435    0.2928E-01
 0.436    0.2875E-01
 0.437    0.2824E-01
 0.438    0.2773E-01
 0.439    0.2723E-01
 0.440    0.2674E-01
 0.441    0.2625E-01
 0.442    0.2578E-01
 0.443    0.2532E-01
 0.444    0.2487E-01
 0.445    0.2443E-01
 0.446    0.2400E-01
 0.447    0.2357E-01
 0.448    0.2314E-01
 0.449    0.2273E-01
 0.450    0.2231E-01
 0.451    0.2191E-01
 0.452    0.2151E-01
 0.453    0.2112E-01
 0.454    0.2073E-01
 0.455    0.2035E-01
 0.456    0.1998E-01
 0.457    0.1962E-01
 0.458    0.1926E-01
 0.459    0.1891E-01
 0.460    0.1858E-01
 0.461    0.1824E-01
 0.462    0.1791E-01
 0.463    0.1758E-01
 0.464    0.1726E-01
 0.465    0.1694E-01
 0.466    0.1663E-01
 0.467    0.1632E-01
 0.468    0.1602E-01
 0.469    0.1572E-01
 0.470    0.1543E-01
 0.471    0.1514E-01
 0.472    0.1486E-01
 0.473    0.1459E-01
 0.474    0.1432E-01
 0.475    0.1406E-01
 0.476    0.1381E-01
 0.477    0.1355E-01
 0.478    0.1330E-01
 0.479    0.1306E-01
 0.480    0.1282E-01
 0.481    0.1258E-01
 0.482    0.1234E-01
 0.483    0.1211E-01
 0.484    0.1189E-01
 0.485    0.1166E-01
 0.486    0.1145E-01
 0.487    0.1123E-01
 0.488    0.1102E-01
 0.489    0.1082E-01
 0.490    0.1062E-01
 0.491    0.1043E-01
 0.492    0.1024E-01
 0.493    0.1005E-01
 0.494    0.9864E-02
 0.495    0.9681E-02
 0.496    0.9501E-02
 0.497    0.9322E-02
 0.498    0.9147E-02
 0.499    0.8974E-02
 0.500    0.8804E-02
 0.501    0.8637E-02
 0.502    0.8473E-02
 0.503    0.8313E-02
 0.504    0.8156E-02
 0.505    0.8003E-02
 0.506    0.7853E-02
 0.507    0.7707E-02
 0.508    0.7566E-02
 0.509    0.7426E-02
 0.510    0.7288E-02
 0.511    0.7151E-02
 0.512    0.7016E-02
 0.513    0.6883E-02
 0.514    0.6752E-02
 0.515    0.6623E-02
 0.516    0.6495E-02
 0.517    0.6370E-02
 0.518    0.6248E-02
 0.519    0.6128E-02
 0.520    0.6010E-02
 0.521    0.5895E-02
 0.522    0.5782E-02
 0.523    0.5673E-02
 0.524    0.5566E-02
 0.525    0.5463E-02
 0.526    0.5362E-02
 0.527    0.5261E-02
 0.528    0.5162E-02
 0.529    0.5064E-02
 0.530    0.4967E-02
 0.531    0.4872E-02
 0.532    0.4778E-02
 0.533    0.4685E-02
 0.534    0.4595E-02
 0.535    0.4505E-02
 0.536    0.4418E-02
 0.537    0.4332E-02
 0.538    0.4248E-02
 0.539    0.4167E-02
 0.540    0.4087E-02
 0.541    0.4009E-02
 0.542    0.3933E-02
 0.543    0.3860E-02
 0.544    0.3788E-02
 0.545    0.3716E-02
 0.546    0.3645E-02
 0.547    0.3575E-02
 0.548    0.3506E-02
 0.549    0.3438E-02
 0.550    0.3370E-02
 0.551    0.3304E-02
 0.552    0.3239E-02
 0.553    0.3175E-02
 0.554    0.3113E-02
 0.555    0.3051E-02
 0.556    0.2991E-02
 0.557    0.2933E-02
 0.558    0.2876E-02
 0.559    0.2820E-02
 0.560    0.2767E-02
 0.561    0.2714E-02
 0.562    0.2663E-02
 0.563    0.2613E-02
 0.564    0.2562E-02
 0.565    0.2513E-02
 0.566    0.2464E-02
 0.567    0.2416E-02
 0.568    0.2368E-02
 0.569    0.2322E-02
 0.570    0.2275E-02
 0.571    0.2230E-02
 0.572    0.2186E-02
 0.573    0.2142E-02
 0.574    0.2100E-02
 0.575    0.2058E-02
 0.576    0.2018E-02
 0.577    0.1978E-02
 0.578    0.1940E-02
 0.579    0.1903E-02
 0.580    0.1867E-02
 0.581    0.1831E-02
 0.582    0.1796E-02
 0.583    0.1762E-02
 0.584    0.1727E-02
 0.585    0.1693E-02
 0.586    0.1660E-02
 0.587    0.1627E-02
 0.588    0.1595E-02
 0.589    0.1563E-02
 0.590    0.1531E-02
 0.591    0.1500E-02
 0.592    0.1470E-02
 0.593    0.1440E-02
 0.594    0.1412E-02
 0.595    0.1383E-02
 0.596    0.1356E-02
 0.597    0.1329E-02
 0.598    0.1303E-02
 0.599    0.1278E-02
 0.600    0.1253E-02
 0.601    0.1229E-02
 0.602    0.1205E-02
 0.603    0.1182E-02
 0.604    0.1158E-02
 0.605    0.1135E-02
 0.606    0.1112E-02
 0.607    0.1090E-02
 0.608    0.1068E-02
 0.609    0.1046E-02
 0.610    0.1024E-02
 0.611    0.1004E-02
