0.001   1.287
0.002   2.628
0.003   3.815
0.004   4.742
0.005   5.418
0.006   5.861
0.007   6.098
0.008   6.148
0.009   6.013
0.010   5.778
0.011   5.538
0.012   5.290
0.013   5.036
0.014   4.776
0.015   4.513
0.016   4.245
0.017   3.996
0.018   3.842
0.019   3.739
0.020   3.686
0.021   3.681
0.022   3.722
0.023   3.807
0.024   3.936
0.025   4.106
0.026   4.318
0.027   4.569
0.028   4.855
0.029   5.169
0.030   5.507
0.031   5.863
0.032   6.234
0.033   6.616
0.034   7.005
0.035   7.398
0.036   7.793
0.037   8.187
0.038   8.577
0.039   8.962
0.040   9.338
0.041   9.705
0.042  10.057
0.043  10.401
0.044  10.734
0.045  11.056
0.046  11.363
0.047  11.656
0.048  11.933
0.049  12.192
0.050  12.433
0.051  12.654
0.052  12.854
0.053  13.032
0.054  13.188
0.055  13.321
0.056  13.429
0.057  13.513
0.058  13.608
0.059  13.687
0.060  13.749
0.061  13.795
0.062  13.825
0.063  13.840
0.064  13.842
0.065  13.830
0.066  13.806
0.067  13.771
0.068  13.724
0.069  13.667
0.070  13.601
0.071  13.526
0.072  13.442
0.073  13.350
0.074  13.251
0.075  13.146
0.076  13.033
0.077  12.912
0.078  12.784
0.079  12.650
0.080  12.510
0.081  12.365
0.082  12.215
0.083  12.060
0.084  11.902
0.085  11.740
0.086  11.575
0.087  11.406
0.088  11.236
0.089  11.063
0.090  10.889
0.091  10.713
0.092  10.536
0.093  10.359
0.094  10.181
0.095  10.002
0.096   9.823
0.097   9.645
0.098   9.467
0.099   9.290
0.100   9.114
0.101   8.939
0.102   8.765
0.103   8.591
0.104   8.419
0.105   8.248
0.106   8.078
0.107   7.910
0.108   7.738
0.109   7.560
0.110   7.384
0.111   7.210
0.112   7.040
0.113   6.873
0.114   6.710
0.115   6.551
0.116   6.398
0.117   6.250
0.118   6.108
0.119   5.973
0.120   5.844
0.121   5.723
0.122   5.610
0.123   5.495
0.124   5.377
0.125   5.257
0.126   5.136
0.127   5.013
0.128   4.889
0.129   4.764
0.130   4.640
0.131   4.515
0.132   4.391
0.133   4.269
0.134   4.148
0.135   4.028
0.136   3.911
0.137   3.797
0.138   3.685
0.139   3.577
0.140   3.472
0.141   3.371
0.142   3.274
0.143   3.182
0.144   3.095
0.145   3.013
0.146   2.936
0.147   2.865
0.148   2.800
0.149   2.741
0.150   2.680
0.151   2.616
0.152   2.548
0.153   2.477
0.154   2.403
0.155   2.328
0.156   2.252
0.157   2.175
0.158   2.097
0.159   2.020
0.160   1.943
0.161   1.867
0.162   1.793
0.163   1.721
0.164   1.651
0.165   1.583
0.166   1.520
0.167   1.459
0.168   1.403
0.169   1.351
0.170   1.304
0.171   1.262
0.172   1.226
0.173   1.195
0.174   1.171
0.175   1.154
0.176   1.143
0.177   1.140
0.178   1.144
0.179   1.095
0.180   1.047
0.181   1.003
0.182   0.963
0.183   0.926
0.184   0.891
0.185   0.860
0.186   0.831
0.187   0.805
0.188   0.780
0.189   0.758
0.190   0.738
0.191   0.719
0.192   0.701
0.193   0.685
0.194   0.669
0.195   0.655
0.196   0.640
0.197   0.627
0.198   0.614
0.199   0.600
0.200   0.587